cmd: ./build_master/frontend/faac -v 0 --overwrite -b 32 --object-type he-aac-v1 /tmp/test_stereo_48k.wav -o /tmp/measure.aac
events: Ir
fl=./csu/../csu/libc-start.c
fn=__libc_start_main@@GLIBC_2.34
128 2
134 3
135 7
138 1
139 2
142 3
143 2
144 11
145 4
242 13
311 3
312 3
337 6
340 2
343 2
350 2
352 2
360 4
fl=./csu/../sysdeps/nptl/libc_start_call_main.h
fn=(below main)
29 9
44 3
46 2
51 2
52 2
55 2
58 6
74 2
fl=./csu/./csu/init-first.c
fn=_init_first
46 6
51 2
55 5
61 1
62 1
63 2
71 2
72 3
fl=./ctype/./ctype/ctype-info.c
fn=__ctype_init
29 1
31 7
33 4
35 4
36 1
fl=./debug/../sysdeps/x86_64/multiarch/ifunc-memmove.h
fn=__memcpy_chk
56 4
57 6
60 6
61 4
74 4
77 4
85 4
93 4
96 10
fn=__memmove_chk
56 2
57 3
60 3
61 2
74 2
77 2
85 2
93 2
96 5
fn=__mempcpy_chk
56 2
57 3
60 3
61 2
74 2
77 2
85 2
93 2
96 5
fl=./debug/../sysdeps/x86_64/multiarch/ifunc-memset.h
fn=__memset_chk
54 10
57 6
58 4
64 4
73 4
75 4
85 4
93 4
96 10
fl=./debug/../sysdeps/x86_64/multiarch/memcpy_chk.c
fn=__memcpy_chk
29 2
fl=./debug/../sysdeps/x86_64/multiarch/memmove_chk.c
fn=__memmove_chk
29 1
fl=./debug/../sysdeps/x86_64/multiarch/mempcpy_chk.c
fn=__mempcpy_chk
29 1
fl=./debug/../sysdeps/x86_64/multiarch/memset_chk.c
fn=__memset_chk
29 2
fl=./elf/../bits/stdlib-bsearch.h
fn=intel_check_word.constprop.0
27 96
28 48
29 744
31 648
32 348
35 264
37 120
fl=./elf/../elf/dl-tls.c
fn=_dl_add_to_slotinfo
1017 9
1023 1
1026 1
1027 1
1031 3
1065 2
1068 2
1069 3
1072 6
fn=_dl_allocate_tls_init
523 11
524 2
528 2
531 1
534 2
537 3
549 1
554 17
560 5
563 3
564 2
570 3
571 2
573 10
576 2
577 2
580 2
581 4
583 2
584 2
593 1
601 2
603 10
609 1
615 2
618 2
621 9
fn=_dl_allocate_tls_storage
365 1
369 1
370 1
371 2
374 1
380 2
417 7
419 1
430 1
431 1
432 2
440 6
441 1
445 305
464 1
470 7
fn=_dl_assign_tls_modid
125 4
128 2
141 1
181 1
183 1
186 1
187 2
fn=_dl_count_modids
192 1
194 2
195 1
210 2
fn=_dl_determine_tlsoffset
216 9
217 1
218 1
219 1
222 4
225 2
259 1
261 11
263 5
265 3
266 2
268 2
270 5
281 1
286 8
288 2
289 1
294 1
301 1
302 7
304 2
354 1
355 8
fn=_dl_tls_static_surplus_init
83 3
97 8
100 6
101 5
102 3
104 4
107 1
109 1
111 3
112 6
fl=./elf/../include/list.h
fn=__tls_init_tp
43 2
44 2
45 1
47 1
fl=./elf/../include/rtld-malloc.h
fn=__minimal_calloc
56 12
fn=_dl_allocate_tls_storage
44 2
56 1
fn=_dl_check_map_versions
44 15
fn=_dl_find_object_init
56 2
fn=_dl_get_origin
56 2
fn=_dl_important_hwcaps
56 4
fn=_dl_init_paths
56 5
fn=_dl_map_object_deps
56 10
fn=_dl_new_object
44 15
56 12
fn=decompose_rpath
50 2
56 1
fn=expand_dynamic_string_token
56 2
fn=fillin_rpath.isra.0
50 4
51 2
56 4
fn=init_tls
44 2
fn=open_path
56 3
fl=./elf/../include/scratch_buffer.h
fn=_dl_map_object_deps
77 2
78 1
85 3
131 16
fl=./elf/../misc/sbrk.c
fn=sbrk
37 6
40 1
58 2
62 2
78 5
fl=./elf/../nptl/nptl-stack.h
fn=__libc_early_init
61 8
fl=./elf/../sysdeps/generic/_itoa.h
fn=_dl_check_map_versions
76 18
fl=./elf/../sysdeps/generic/dl-cache.h
fn=_dl_load_cache_lookup
125 2
194 1
195 5
fl=./elf/../sysdeps/generic/dl-call_tls_init_tp.h
fn=init_tls
31 8
33 1
fl=./elf/../sysdeps/generic/dl-debug.h
fn=dl_main
29 4
30 1
fl=./elf/../sysdeps/generic/dl-hash.h
fn=__rtld_malloc_init_real
43 1
44 1
45 19
48 18
62 24
67 1
72 1
fl=./elf/../sysdeps/generic/dl-new-hash.h
fn=_dl_lookup_symbol_x
69 201
70 402
74 1366
77 2732
80 1257
81 2514
87 92
88 92
89 184
90 92
99 1165
101 1165
102 2330
104 1165
105 1165
fl=./elf/../sysdeps/generic/dl-protected.h
fn=do_lookup_x
29 752
fl=./elf/../sysdeps/generic/ldsodefs.h
fn=_dl_relocate_object
79 54
140 573
fn=_dl_start
79 6
fn=do_lookup_x
139 376
140 564
fl=./elf/../sysdeps/nptl/dl-mutex.c
fn=__rtld_mutex_init
30 7
37 1
40 7
44 2
45 9
47 6
51 2
52 7
53 6
fl=./elf/../sysdeps/nptl/dl-tls_init_tp.c
fn=__tls_init_tp
68 5
69 1
72 1
75 4
76 2
77 1
82 2
87 4
90 1
93 3
105 4
121 3
128 2
129 3
fn=__tls_pre_init_tp
53 3
56 10
61 2
62 1
64 1
fn=rtld_mutex_dummy
42 12
44 24
fl=./elf/../sysdeps/nptl/pthread_early_init.h
fn=__libc_early_init
33 6
34 1
38 5
45 2
46 1
48 2
52 5
53 1
54 1
56 1
fl=./elf/../sysdeps/posix/dl-fileid.h
fn=_dl_map_object_from_fd
37 16
40 16
49 34
fl=./elf/../sysdeps/unix/sysv/linux/brk.c
fn=brk
36 1
37 1
38 2
44 1
45 1
fl=./elf/../sysdeps/unix/sysv/linux/brk_call.h
fn=brk
24 2
fl=./elf/../sysdeps/unix/sysv/linux/dl-origin.c
fn=_dl_get_origin
31 9
36 7
38 5
41 6
42 30
43 4
44 2
45 2
50 6
74 7
fl=./elf/../sysdeps/unix/sysv/linux/dl-osinfo.h
fn=dl_main
39 2
52 1
fl=./elf/../sysdeps/unix/sysv/linux/dl-parse_auxv.h
fn=_dl_sysdep_parse_arguments
32 2
33 1
34 1
41 93
42 44
43 44
45 1
46 2
47 2
48 2
49 1
51 2
52 2
53 2
54 2
56 2
fl=./elf/../sysdeps/unix/sysv/linux/dl-sysdep.c
fn=_dl_sysdep_parse_arguments
78 7
79 2
80 2
81 3
82 47
83 97
86 2
90 56
93 5
94 2
95 3
96 6
fn=_dl_sysdep_start
102 6
103 1
106 2
110 2
113 1
115 2
122 3
123 2
125 5
137 3
140 5
143 4
fn=_dl_sysdep_start_cleanup
147 1
148 1
fl=./elf/../sysdeps/unix/sysv/linux/dl-vdso-setup.h
fn=dl_main
30 1
33 1
36 1
39 1
45 1
fl=./elf/../sysdeps/unix/sysv/linux/dl-vdso.h
fn=dl_main
40 2
41 5
55 2
fl=./elf/../sysdeps/unix/sysv/linux/rseq-internal.h
fn=__tls_init_tp
32 3
34 7
37 2
40 1
fl=./elf/../sysdeps/unix/sysv/linux/x86/dl-hwcap2.h
fn=update_active.constprop.0
25 2
fl=./elf/../sysdeps/unix/sysv/linux/x86/dl-minsigstacksize.h
fn=get_common_indices.constprop.0
24 2
27 2
28 2
65 3
72 1
74 1
fl=./elf/../sysdeps/x86/cpu-features.c
fn=get_common_indices.constprop.0
398 3
402 4
405 5
409 1
410 4
411 4
412 4
413 3
414 2
421 2
423 9
428 8
435 2
436 7
442 2
457 3
fn=init_cpu_features.constprop.0
376 3
377 2
378 6
383 2
384 6
389 2
390 7
682 8
685 1
686 1
687 1
690 1
699 3
702 6
703 1
706 2
708 6
713 1
715 3
717 9
721 7
774 3
781 2
799 1
832 2
866 4
869 2
870 1
878 2
885 2
887 2
891 2
897 2
899 1
1001 3
1002 2
1005 2
1006 2
1012 1
1013 1
1014 1
1015 2
1019 4
1022 4
1028 3
1041 2
1042 4
1081 1
1082 2
1086 3
1103 2
1104 2
1106 3
1107 2
1109 3
1110 2
1113 2
1127 4
1129 4
1135 4
1142 8
fn=update_active.constprop.0
72 8
76 1
84 3
85 3
86 1
94 4
95 1
103 4
104 1
109 4
112 4
113 1
116 5
117 2
121 5
122 3
123 3
124 2
128 5
129 5
130 3
132 2
133 4
147 2
151 7
152 4
154 3
158 4
161 1
164 2
166 2
170 1
171 1
178 4
180 5
186 4
188 5
190 4
195 5
244 3
245 3
261 4
277 2
281 2
282 1
285 4
289 2
293 3
294 2
296 1
297 1
300 2
302 1
305 2
356 5
360 3
369 1
370 8
fl=./elf/../sysdeps/x86/dl-cacheinfo.h
fn=get_common_cache_info.constprop.0
571 11
586 1
587 1
588 2
589 1
590 2
596 3
598 7
601 2
613 1
618 3
622 2
627 5
630 24
637 8
640 26
645 2
649 3
650 2
654 2
658 3
661 4
662 1
667 4
673 4
681 6
683 2
685 4
687 12
689 1
690 1
691 9
693 4
696 7
701 1
703 4
704 3
705 1
708 2
711 2
718 1
720 4
721 1
726 2
731 2
732 1
733 2
734 1
759 3
770 5
771 5
775 2
782 1
783 2
784 1
785 7
fn=handle_intel.constprop.0
250 108
255 24
261 12
262 12
267 48
271 24
276 24
279 60
281 24
284 60
286 24
305 96
fn=init_cpu_features.constprop.0
792 1
793 1
795 1
809 2
811 3
812 3
813 3
814 2
817 3
819 3
820 2
822 3
824 3
825 1
827 3
829 3
830 2
832 3
834 3
836 3
838 5
894 2
895 2
896 2
897 2
898 2
899 2
900 1
901 1
902 1
903 1
904 1
905 1
907 1
910 3
924 3
925 7
930 2
931 6
932 2
939 3
959 6
968 2
969 2
974 12
987 5
995 7
997 2
1000 5
1002 2
1005 5
1006 5
1010 6
1011 3
1017 7
1020 11
1021 10
1022 13
1025 10
1027 10
1040 4
1042 2
1043 2
1044 1
1045 1
1046 1
1047 1
fn=intel_check_word.constprop.0
110 648
113 324
119 216
123 48
125 12
129 120
131 144
133 60
135 120
143 120
152 12
155 138
158 99
162 58
164 189
167 120
168 72
169 60
170 48
172 11
174 22
176 12
177 16
178 12
179 20
180 14
181 12
183 8
184 12
187 21
190 2
194 192
202 168
216 48
246 144
fl=./elf/../sysdeps/x86/dl-get-cpu-features.c
fn=__x86_cpu_features
39 3
71 3
fn=_dl_x86_init_cpu_features
37 1
39 3
41 1
fl=./elf/../sysdeps/x86/dl-isa-level.h
fn=_dl_load_cache_lookup
28 12
fl=./elf/../sysdeps/x86/dl-procinfo.h
fn=_dl_load_cache_lookup
39 4
42 14
fl=./elf/../sysdeps/x86/dl-prop.h
fn=_dl_map_object_from_fd
149 16
fn=_dl_process_pt_gnu_property
95 32
102 16
115 16
118 8
252 6
253 3
254 10
255 5
257 32
258 2
260 8
fn=dl_main
36 2
37 21
40 9
49 34
53 28
71 2
149 4
235 4
236 2
fl=./elf/../sysdeps/x86/get-isa-level.h
fn=_dl_hwcaps_subdirs_active
30 4
31 1
32 3
36 3
39 4
40 4
45 4
48 2
51 5
53 4
54 2
55 2
58 4
fn=update_active.constprop.0
28 1
30 4
31 1
32 3
36 3
38 1
39 2
40 4
45 4
47 1
48 2
51 5
53 4
54 2
55 2
57 1
58 4
fl=./elf/../sysdeps/x86_64/dl-cet.c
fn=_dl_cet_check
145 2
157 2
173 1
179 1
275 2
276 1
277 2
282 4
283 3
285 2
293 5
296 1
300 2
301 1
302 2
303 2
304 2
305 2
308 1
310 1
313 2
361 8
363 6
fn=_dl_cet_setup_features
331 1
334 2
350 1
fl=./elf/../sysdeps/x86_64/dl-hwcaps-subdirs.c
fn=_dl_hwcaps_subdirs_active
29 1
38 3
43 1
48 1
52 1
fl=./elf/../sysdeps/x86_64/dl-irel.h
fn=_dl_fixup
32 7
fl=./elf/../sysdeps/x86_64/dl-machine.h
fn=_dl_fixup
234 13
fn=_dl_relocate_object
81 24
87 4
91 3
97 1
108 3
129 2
132 2
134 4
267 412
274 412
278 412
287 2044
290 439
291 136
292 772
295 24
296 36
307 24
314 60
317 1236
320 88
323 88
393 30
400 51
402 68
406 51
415 34
423 380
436 7
476 136
478 68
479 68
498 426
499 142
503 284
504 284
514 44
518 44
521 66
522 22
730 12
734 8
fn=_dl_start
55 1
278 9
287 27
290 6
291 12
317 8
323 2
fn=_dl_sysdep_start
220 1
fl=./elf/../sysdeps/x86_64/dl-runtime.h
fn=_dl_fixup
28 13
fl=./elf/../sysdeps/x86_64/dl-trampoline.h
fn=_dl_runtime_resolve_xsave
71 13
76 13
79 13
81 13
91 13
97 13
98 13
99 13
100 13
101 13
102 13
103 13
107 13
108 13
111 13
112 13
114 13
115 13
116 13
117 13
118 13
119 13
121 13
128 13
129 13
130 13
131 13
136 13
137 13
138 13
140 13
141 13
142 13
143 13
144 13
145 13
146 13
148 13
150 13
154 13
156 13
fl=./elf/./dl-find_object.h
fn=_dl_find_object_from_map
95 12
96 12
97 6
103 30
104 171
105 118
107 18
112 6
fl=./elf/./dl-hwcaps.h
fn=_dl_important_hwcaps
43 9
45 7
46 1
77 8
78 8
79 7
fl=./elf/./dl-load.h
fn=_dl_map_object_from_fd
91 32
92 12
93 15
94 12
96 12
fl=./elf/./dl-main.h
fn=dl_main
109 5
fl=./elf/./dl-map-segments.h
fn=_dl_map_object_from_fd
28 12
29 36
81 4
101 4
102 12
105 12
106 8
108 8
125 4
135 96
137 48
139 120
149 64
155 8
156 4
157 12
158 8
160 8
165 8
168 12
176 28
182 8
186 16
189 4
194 16
fl=./elf/./dl-sym-post.h
fn=lookup_malloc_symbol
41 8
53 12
fl=./elf/./dl-tunable-types.h
fn=__GI___tunable_set_val
84 5
fl=./elf/./elf/dl-audit.c
fn=_dl_audit_activity_map
29 7
30 1
31 3
37 6
fn=_dl_audit_activity_nsid
41 3
45 12
46 3
47 15
fn=_dl_audit_objclose
97 6
98 24
fn=_dl_audit_objopen
77 4
78 16
fn=_dl_audit_preinit
118 1
119 4
fl=./elf/./elf/dl-cache.c
fn=_dl_cache_libcmp
357 40
358 216
360 288
362 100
368 8
369 6
370 84
372 84
374 4
380 188
382 188
383 54
386 76
387 76
390 26
fn=_dl_load_cache_lookup
191 36
205 2
208 16
210 20
211 4
213 10
220 42
222 110
223 36
227 54
231 54
232 36
240 8
242 4
245 4
247 12
249 2
259 4
269 6
270 8
286 14
295 4
298 4
301 2
302 6
330 4
346 16
347 6
349 10
403 20
405 4
408 6
411 5
419 5
420 8
423 6
424 1
431 1
432 2
477 3
482 6
485 6
500 4
512 6
513 30
514 8
515 2
516 16
fn=_dl_unload_cache
525 3
526 4
528 2
529 1
533 1
535 2
fl=./elf/./elf/dl-call-libc-early-init.c
fn=_dl_call_libc_early_init
27 7
29 2
33 5
37 2
39 4
40 2
41 3
fl=./elf/./elf/dl-call_fini.c
fn=_dl_call_fini
24 48
28 12
32 6
34 6
35 12
38 8
39 12
42 32
43 4
47 6
48 12
49 12
50 32
fl=./elf/./elf/dl-catch.c
fn=_dl_catch_error
254 12
256 2
257 2
258 2
259 2
261 6
fn=_dl_catch_exception
58 24
59 16
69 16
70 40
204 64
207 16
214 8
228 8
229 16
235 48
237 24
239 32
248 24
fn=_dl_receive_error
58 2
59 1
69 2
70 2
186 7
188 1
192 1
194 1
197 1
198 4
fl=./elf/./elf/dl-debug.c
fn=_dl_debug_initialize
56 3
57 1
59 2
61 2
63 3
64 1
85 3
90 3
91 2
92 1
95 3
96 6
99 2
107 2
fn=_dl_debug_state
116 2
117 2
fn=_dl_debug_update
38 5
40 10
41 5
44 10
48 5
fl=./elf/./elf/dl-deps.c
fn=_dl_map_object_deps
128 3
129 5
130 6
132 3
136 8
143 13
144 20
160 9
161 1
164 1
182 1
183 6
184 1
188 13
190 22
193 6
197 18
198 39
201 16
205 8
208 20
210 16
215 4
216 4
217 8
218 8
219 4
221 500
222 236
228 68
230 7
232 28
233 14
242 7
244 14
249 28
252 4
253 4
254 4
255 8
256 4
257 4
259 16
263 21
264 15
266 333
417 12
419 20
422 8
423 16
429 4
430 20
431 20
434 4
435 8
439 18
441 6
442 27
448 5
449 1
452 4
463 5
465 4
470 5
471 1
472 2
474 22
478 6
483 12
485 18
490 6
494 2
495 3
532 2
533 2
547 9
552 9
553 5
557 1
559 2
560 1
561 3
568 3
571 2
574 8
fn=openaux
61 42
64 77
65 7
68 7
69 21
fl=./elf/./elf/dl-environ.c
fn=_dl_next_ld_env_entry
28 3
29 3
32 145
34 94
35 18
37 2
40 4
42 2
45 45
fl=./elf/./elf/dl-find_object.c
fn=_dl_find_object_init
561 5
564 1
566 2
567 3
579 2
580 3
582 2
585 2
590 1
591 1
594 3
596 2
599 6
601 1
604 4
fn=_dlfo_process_initial
474 8
475 2
477 2
478 4
504 24
505 30
506 12
508 44
511 40
513 30
515 10
516 10
517 20
529 2
531 8
fn=_dlfo_sort_mappings
536 1
537 2
540 20
544 8
545 50
546 50
548 4
549 4
553 16
554 20
555 8
557 1
fl=./elf/./elf/dl-fini.c
fn=_dl_fini
26 11
43 1
46 13
49 2
51 1
54 2
56 5
61 1
63 4
68 18
73 22
75 12
77 12
79 12
80 6
81 6
85 6
87 6
88 6
94 6
103 2
108 36
110 6
112 12
114 24
117 12
122 6
126 5
132 6
134 1
138 2
145 8
fl=./elf/./elf/dl-hwcaps.c
fn=_dl_important_hwcaps
52 16
54 2
55 4
56 2
57 2
77 16
80 16
84 2
86 6
87 2
88 2
100 5
102 3
105 1
108 1
112 5
125 12
127 10
128 4
129 4
130 2
133 3
142 13
143 11
145 8
151 5
155 4
156 3
157 3
161 1
162 2
163 2
172 14
174 2
175 3
185 2
186 3
189 3
193 2
194 2
201 1
202 5
208 2
209 1
213 3
216 9
fl=./elf/./elf/dl-hwcaps_split.c
fn=_dl_hwcaps_split
25 5
26 3
27 1
47 4
fn=_dl_hwcaps_split_masked
26 44
30 24
34 78
35 12
36 24
41 36
42 18
43 12
45 6
51 110
55 5
56 18
57 27
58 24
60 6
62 88
67 12
fl=./elf/./elf/dl-init.c
fn=_dl_init
29 14
35 35
37 36
81 13
82 1
83 1
86 3
89 2
94 4
119 1
120 28
121 12
127 8
fn=call_init.part.0
26 72
43 18
46 18
47 2
51 10
59 15
60 18
63 5
64 10
70 12
72 8
73 40
74 20
76 48
fl=./elf/./elf/dl-load.c
fn=_dl_dst_count
238 63
241 14
244 14
245 7
264 63
fn=_dl_dst_substitute
276 12
283 1
285 1
289 27
294 12
295 6
317 3
322 3
332 3
334 4
335 3
351 22
354 36
365 2
372 1
374 1
375 9
fn=_dl_init_paths
706 13
720 4
725 1
727 3
734 3
735 2
739 4
741 4
747 1
748 1
756 8
758 8
759 4
761 5
762 7
763 4
766 13
767 10
768 18
770 32
776 1
777 1
782 1
785 3
787 4
789 3
793 4
794 5
795 2
799 1
802 1
825 5
827 23
831 2
832 60
833 14
834 28
836 1
837 1
838 2
844 6
847 3
853 1
857 8
fn=_dl_map_object
682 19
685 8
688 6
691 2
692 1
696 5
1967 96
1969 4
1975 16
1976 32
1979 160
1984 196
1986 140
1990 48
1991 72
1994 55
1995 33
1996 55
2010 16
2011 12
2019 12
2034 4
2036 20
2040 12
2042 6
2049 12
2053 1
2054 1
2058 6
2059 2
2073 5
2074 7
2075 1
2084 2
2099 6
2100 44
2106 9
2107 3
2109 30
2113 4
2115 2
2129 4
2131 6
2135 6
2137 4
2141 4
2149 4
2172 18
2176 6
2177 2
2194 6
2200 1
2201 4
2202 2
2203 2
2207 9
2210 3
2222 16
2267 8
2268 70
2270 76
fn=_dl_map_object_from_fd
944 56
959 16
989 70
990 28
1008 8
1036 16
1046 8
1053 32
1054 8
1065 8
1066 12
1067 8
1069 12
1070 16
1071 6
1074 17
1075 6
1086 4
1088 4
1090 88
1091 4
1092 4
1093 4
1094 4
1100 165
1101 405
1107 8
1114 9
1115 12
1116 40
1121 2
1122 1
1127 124
1135 80
1136 104
1137 80
1138 16
1139 32
1141 112
1143 32
1156 32
1157 60
1162 16
1163 164
1176 3
1180 4
1181 1
1185 5
1186 2
1189 1
1194 4
1209 8
1210 4
1213 12
1218 28
1228 76
1229 32
1235 8
1245 16
1252 28
1264 4
1268 16
1269 12
1275 10
1276 8
1278 8
1288 12
1307 12
1309 24
1361 12
1362 2
1368 134
1369 219
1375 63
1380 16
1393 8
1395 16
1397 8
1413 8
1417 8
1418 8
1435 8
1436 1
1439 8
1444 8
1449 8
1461 32
1462 9
1463 18
1464 6
1465 5
1471 8
1472 4
1477 2
1484 12
1487 8
1491 12
1492 12
1510 8
1514 28
1515 16
1519 36
fn=_dl_process_pt_gnu_property
868 15
869 10
870 5
876 10
882 25
885 15
886 10
887 10
890 15
891 15
895 5
896 10
900 16
901 8
904 16
907 8
908 32
918 15
920 20
fn=decompose_rpath
580 12
582 1
591 3
622 2
629 2
630 2
637 2
638 76
640 72
644 1
646 2
654 8
661 3
668 1
670 1
671 1
672 8
fn=expand_dynamic_string_token
239 3
241 9
244 6
251 1
253 5
256 1
259 4
261 2
385 30
398 2
399 4
402 27
405 1
406 2
409 3
410 21
fn=fillin_rpath.isra.0
468 34
472 2
474 24
481 4
483 12
487 4
492 6
493 4
500 10
505 4
509 33
510 18
528 12
532 8
534 4
538 2
539 4
540 8
541 2
543 4
544 1
549 8
550 28
551 8
553 4
554 6
555 6
556 1
561 4
562 2
565 6
571 2
574 16
fn=is_dst
202 16
206 4
215 6
216 12
218 12
229 14
fn=open_path
1812 55
1813 10
1816 5
1817 5
1819 10
1822 8
1824 110
1827 10
1831 5
1835 30
1842 30
1843 107
1846 30
1851 99
1854 18
1860 27
1863 72
1865 27
1867 12
1868 4
1872 10
1873 35
1879 15
1881 40
1882 2
1884 5
1891 44
1893 16
1918 1
1919 3
1921 3
1922 1
1937 32
1941 4
1943 16
1946 12
1960 45
fn=open_verify.constprop.0
1572 144
1604 36
1609 16
1623 60
1625 24
1633 4
1634 12
1639 24
1641 8
1643 8
1645 8
1651 8
1668 58
1749 8
1754 8
1760 16
1766 8
1772 16
1773 16
1777 16
1778 5
1799 108
fl=./elf/./elf/dl-lookup-direct.c
fn=_dl_lookup_direct
32 15
33 9
35 6
36 6
48 9
51 6
53 21
57 9
58 21
59 15
74 39
76 6
78 21
79 6
81 12
84 25
86 12
93 6
115 3
116 27
fl=./elf/./elf/dl-lookup.c
fn=_dl_lookup_symbol_x
772 2613
774 402
775 804
778 201
782 758
785 402
787 402
791 2879
792 3417
797 1005
799 78
816 201
817 39
820 402
821 1300
828 240
856 752
870 564
871 2
873 376
890 752
892 1809
fn=check_match
70 2925
73 1560
78 14
86 955
89 1132
93 191
94 382
96 362
115 362
116 1448
117 890
118 6
119 6
144 20
146 60
147 40
161 188
162 1560
fn=do_lookup_x
347 2814
348 201
353 201
354 201
358 1754
361 1754
365 2156
386 1754
390 1754
396 2631
400 877
401 877
404 4385
405 2631
408 877
409 1754
411 877
412 603
413 1754
415 1407
416 3508
419 6139
422 400
423 600
424 400
426 394
429 2135
431 585
432 4897
433 390
436 585
439 731
461 1504
470 72
476 376
483 1372
487 99
499 376
500 188
501 188
518 2067
521 13
522 1608
fl=./elf/./elf/dl-minimal-malloc.c
fn=__minimal_calloc
80 60
84 12
87 12
88 36
fn=__minimal_free
97 3
99 12
fn=__minimal_malloc
36 312
37 117
42 3
43 2
44 2
48 155
51 265
56 8
57 8
59 2
60 16
62 4
64 8
65 6
67 6
70 39
71 41
73 234
fl=./elf/./elf/dl-minimal.c
fn=__rtld_malloc_init_real
76 10
86 2
87 1
89 1
91 6
92 5
93 5
94 4
99 1
100 1
101 1
102 1
103 8
fn=__rtld_malloc_init_stubs
42 1
43 2
44 2
45 2
46 2
47 1
fn=lookup_malloc_symbol
61 36
63 4
64 28
68 28
69 28
71 4
72 24
fn=strsep
239 4
242 8
244 4
245 8
247 4
249 106
251 64
254 92
256 138
264 32
267 2
271 8
fl=./elf/./elf/dl-misc.c
fn=_dl_name_match_p
68 399
69 228
70 10
72 57
74 228
75 335
80 57
82 47
83 228
fn=_dl_sysdep_read_whole_file
36 11
39 3
40 2
42 6
44 2
47 2
49 8
60 3
63 8
fl=./elf/./elf/dl-object.c
fn=_dl_add_to_namespace_list
31 45
33 15
35 44
38 56
40 4
42 4
45 2
46 15
47 10
48 10
50 10
51 25
fn=_dl_new_object
59 75
62 10
64 2
66 3
67 2
71 6
77 2
80 8
83 21
87 8
92 4
95 10
98 5
99 5
100 10
103 10
104 35
106 5
119 23
123 4
125 1
127 35
130 10
131 10
132 5
136 5
139 38
141 20
149 10
150 5
153 1
155 30
157 16
160 12
164 20
168 28
176 1
179 10
189 20
191 16
195 12
199 8
200 8
208 4
212 4
245 16
250 134
251 134
255 8
256 4
259 4
263 45
fl=./elf/./elf/dl-reloc.c
fn=_dl_relocate_object
170 1096
171 382
174 2032
175 84
177 7
178 28
182 368
183 184
184 184
186 1478
187 890
188 356
190 1371
193 184
194 1288
196 7
207 77
208 14
220 12
221 18
224 24
226 18
228 6
229 18
251 30
252 12
253 3
255 12
262 18
301 10213
304 30
328 6
331 12
348 18
350 56
356 36
359 12
363 12
364 36
fl=./elf/./elf/dl-runtime.c
fn=_dl_fixup
46 143
48 65
49 39
54 13
55 52
56 91
58 26
63 26
67 26
69 13
71 39
75 39
76 52
77 39
84 13
85 39
95 143
99 65
109 130
124 52
125 14
133 39
159 39
163 104
fl=./elf/./elf/dl-setup_hash.c
fn=_dl_setup_hash
25 12
28 18
31 18
32 12
33 6
34 6
36 18
37 6
38 18
40 6
41 12
43 6
45 18
50 6
fl=./elf/./elf/dl-sort-maps.c
fn=_dl_sort_maps
140 54
181 2
182 4
183 46
184 24
211 34
216 4
218 2
219 10
221 38
223 12
226 34
244 8
263 8
276 8
283 2
298 26
306 6
310 18
fn=_dl_sort_maps_init
289 4
290 4
291 1
292 3
293 2
fn=dfs_traversal.part.0
135 108
140 48
143 12
145 36
147 134
156 42
171 36
172 12
173 78
fl=./elf/./elf/dl-tunables.c
fn=__GI___tunable_set_val
72 50
82 5
93 40
94 25
97 10
100 35
104 10
111 10
112 10
115 25
116 5
117 5
118 5
153 30
157 15
fn=__GI___tunables_init
42 240
45 47
48 3829
52 94
56 188
128 1
261 10
267 4
281 7708
283 2
287 13959
304 8
fn=__tunable_get_val
387 74
390 438
399 48
400 14
409 29
416 222
418 37
fl=./elf/./elf/dl-tunables.h
fn=__GI___tunable_set_val
141 10
142 10
151 5
fn=__GI___tunables_init
160 970
161 2235
fl=./elf/./elf/dl-version.c
fn=_dl_check_all_versions
392 7
394 1
396 23
397 6
398 54
401 7
fn=_dl_check_map_versions
36 94
37 23
38 151
56 88
64 66
70 66
86 22
87 44
89 22
94 734
108 624
110 22
113 176
120 870
124 290
155 60
156 6
164 10
170 18
172 30
174 6
175 6
177 12
180 12
184 32
198 2
200 18
208 18
213 18
215 16
217 88
218 172
221 44
224 66
225 5
228 14
231 88
234 66
239 16
243 18
248 2
257 25
260 6
263 269
266 201
270 62
274 15
279 5
280 20
281 15
291 5
294 27
296 10
299 16
301 2
303 18
306 66
308 88
310 110
311 44
312 66
313 66
316 66
321 16
324 18
329 2
334 10
337 6
341 62
343 130
347 62
348 310
349 186
350 62
353 195
357 62
365 6
366 8
367 8
368 4
370 4
372 124
373 60
375 2
376 7
387 54
fl=./elf/./elf/do-rel.h
fn=_dl_relocate_object
49 36
50 36
51 6
53 60
72 6
73 7
80 36
83 74
85 88
96 6
97 2
114 33
123 451
124 284
126 33
129 36
131 1119
133 1340
134 1072
135 804
136 1072
138 804
141 272
142 68
143 68
147 200
150 617
151 264
164 20
165 285
166 252
169 204
171 272
172 68
173 136
180 31
182 42
183 12
185 18
193 6
196 18
211 7
fn=_dl_start
49 6
50 4
51 1
53 10
56 4
61 13
63 9
64 6
65 3
fl=./elf/./elf/get-dynamic-info.h
fn=_dl_map_object_from_fd
39 8
43 4
45 440
49 214
51 56
52 28
53 6
54 92
55 76
56 20
59 16
62 16
64 16
68 107
72 16
84 14
85 16
86 16
87 16
88 14
89 15
90 15
91 16
103 32
110 13
115 6
122 6
123 12
129 12
130 6
147 12
152 4
154 4
156 4
158 4
159 4
162 12
164 9
165 6
174 6
175 9
180 6
181 6
184 8
fl=./elf/./elf/libc_early_init.c
fn=__libc_early_init
33 9
35 1
38 2
41 2
47 4
49 2
fl=./elf/./elf/rtld.c
fn=_dl_start
85 8
458 2
476 3
477 1
478 2
488 1
494 4
496 2
517 16
543 1
546 2
547 4
563 190
565 1
578 1
585 9
fn=dl_main
85 17
92 12
93 2
101 9
197 2
199 1
224 3
225 5
226 4
296 3
302 1
303 1
837 1
839 1
848 1
850 1
855 1
1115 1
1116 1
1118 1
1122 3
1124 1
1125 1
1140 1
1143 46
1144 117
1148 3
1153 3
1154 9
1163 2
1164 2
1166 1
1173 3
1191 2
1199 8
1200 17
1201 8
1202 1
1204 12
1205 14
1209 8
1210 8
1211 4
1215 12
1243 2
1247 3
1253 28
1254 61
1260 17
1266 4
1269 3
1271 3
1346 13
1351 1
1352 1
1357 1
1373 3
1374 4
1637 10
1639 2
1640 3
1641 2
1642 3
1646 2
1647 2
1672 3
1673 5
1674 3
1675 3
1678 1
1680 1
1681 1
1683 2
1684 2
1688 2
1690 2
1698 4
1705 2
1708 2
1733 4
1735 1
1740 2
1743 4
1744 4
1745 3
1746 1
1747 1
1748 1
1759 2
1760 2
1762 2
1764 1
1765 3
1770 5
1771 5
1773 3
1779 2
1788 2
1792 1
1793 2
1817 2
1823 1
1824 1
1825 1
1829 3
1834 3
1836 1
1838 2
1842 5
1847 2
1863 6
1939 4
1943 19
1944 1
1947 3
1948 1
1949 2
1950 2
1955 3
1965 9
1971 27
1972 16
1975 3
1976 2
1977 1
1979 22
1980 10
1984 2
1990 1
1992 3
1993 2
1995 2
1997 3
1999 3
2000 1
2001 2
2013 2
2014 2
2015 3
2026 5
2027 4
2028 5
2038 2
2039 2
2040 4
2042 2
2047 3
2246 3
2250 3
2256 2
2259 2
2267 2
2279 3
2282 3
2284 3
2285 6
2292 2
2293 27
2295 12
2300 12
2302 14
2304 1
2305 1
2308 6
2310 12
2311 40
2315 14
2316 3
2325 2
2329 4
2331 1
2338 4
2341 2
2345 3
2347 2
2357 1
2362 3
2365 1
2371 1
2372 5
2380 3
2387 1
2390 3
2394 3
2395 1
2396 1
2397 1
2401 1
2406 8
2538 1
2598 1
2600 2
2602 15
2604 2
2606 107
2607 19
2615 13
2640 2
2650 4
2652 2
2653 1
2687 5
2689 2
2690 2
2691 1
2727 5
2749 3
fn=handle_preload_list
183 3
806 1
810 2
811 2
812 1
814 1
816 6
817 3
825 3
869 13
870 3
874 5
877 4
878 3
880 4
881 2
887 1
889 2
891 2
892 1
895 9
fn=init_tls
734 4
736 2
740 3
746 2
749 1
750 1
751 1
755 1
757 1
761 2
762 2
763 16
764 6
765 12
769 3
771 1
773 3
776 2
779 1
786 2
787 2
793 2
797 1
800 5
fn=map_doit
641 6
643 4
644 6
646 3
fn=version_check_doit
674 6
676 6
680 3
fl=./elf/./get-dynamic-info.h
fn=_dl_start
45 75
49 36
51 10
52 5
54 20
55 16
56 5
59 4
62 4
64 4
68 18
72 3
84 4
85 3
86 4
87 4
88 5
89 3
90 4
91 4
103 10
110 3
123 3
129 3
130 3
133 2
134 3
139 5
142 5
fn=dl_main
39 4
43 1
45 115
49 56
51 12
52 6
54 25
55 21
56 5
59 4
62 4
64 4
68 28
72 7
84 3
85 5
86 5
87 5
88 4
89 5
90 5
91 5
103 9
110 3
115 2
122 3
123 4
129 3
147 4
152 2
154 2
156 2
158 2
159 2
162 4
164 3
165 2
174 2
175 3
180 2
181 3
184 3
186 1
fl=./elf/./setup-vdso.h
fn=dl_main
24 2
fl=./iconv/../sysdeps/unix/sysv/linux/not-cancel.h
fn=__gconv_load_cache
75 2
fl=./iconv/./iconv/gconv_cache.c
fn=__gconv_compare_alias_cache
223 10
227 3
230 6
231 5
234 4
236 1
237 9
fn=__gconv_load_cache
49 9
56 3
57 2
61 5
62 2
67 5
70 3
78 1
80 7
81 2
113 1
114 2
115 4
116 3
117 3
118 2
119 1
121 3
122 3
139 1
140 9
fn=find_module_idx
145 20
154 2
155 4
157 2
159 4
160 8
161 10
163 6
164 26
165 12
166 44
168 6
172 2
173 12
177 16
fl=./iconv/./iconv/gconv_conf.c
fn=__gconv_load_conf
527 1
528 3
fn=__gconv_read_conf
463 9
464 4
468 3
471 2
514 11
fl=./iconv/./iconv/gconv_db.c
fn=__gconv_compare_alias
688 14
692 1
694 6
698 1
699 11
fl=./intl/../bits/stdlib-bsearch.h
fn=_nl_expand_alias
27 2
29 12
31 12
32 18
34 12
35 11
36 1
37 1
fl=./intl/../intl/l10nflist.c
fn=_nl_make_l10nflist
73 4
74 59
76 24
77 24
79 12
96 35
98 14
99 14
101 14
140 24
141 20
142 16
143 12
157 119
166 42
167 21
169 21
171 51
173 51
175 42
176 21
178 14
188 14
189 14
191 21
194 1
196 21
198 6
199 9
201 21
203 6
204 9
206 21
212 14
213 21
217 14
218 46
219 18
221 12
222 12
225 4
232 1
235 15
237 6
242 12
243 12
244 16
245 8
251 12
255 4
256 48
258 4
260 8
262 6
263 6
267 3
268 1
275 16
276 33
277 20
284 5
285 80
290 24
292 16
300 4
302 18
303 63
fn=_nl_normalize_codeset
311 18
312 2
313 2
323 34
324 46
326 8
328 8
329 20
332 12
334 4
341 30
342 40
343 24
344 16
345 4
347 2
351 12
fl=./intl/../string/argz.h
fn=_nl_make_l10nflist
138 25
139 15
141 15
144 15
fl=./intl/../string/bits/string_fortified.h
fn=_nl_make_l10nflist
29 35
fn=read_alias_file
29 315
fl=./intl/./intl/explodename.c
fn=_nl_explode_name
46 22
47 1
58 11
62 1
63 1
64 1
65 1
69 1
70 1
73 2
91 4
94 1
95 4
97 14
98 10
102 2
104 3
105 4
106 2
108 9
111 1
116 5
126 3
129 5
133 9
fl=./intl/./intl/hash-string.c
fn=__hash_string
32 2
37 2
38 54
40 14
41 28
43 42
45 4
46 2
fl=./intl/./intl/localealias.c
fn=_nl_expand_alias
146 10
149 1
152 4
154 2
155 3
163 6
164 1
181 15
185 4
189 22
190 87
191 17
193 2
194 3
199 4
202 9
413 24
fn=alias_compare
411 120
413 480
fn=read_alias_file
207 11
213 17
215 7
225 4
230 2
235 5
238 1
239 167
254 498
259 328
261 82
263 512
264 4
267 328
269 45
270 1665
271 288
274 90
277 856
278 160
280 90
282 45
283 4050
284 630
286 90
291 90
308 225
312 225
313 180
315 407
326 2
327 8
328 8
329 55
330 4
333 16
337 3
339 2
344 2
345 4
348 225
349 90
353 45
354 135
356 90
360 135
361 135
368 164
380 2
382 2
383 5
387 12
396 4
397 3
399 2
403 1
404 3
fl=./io/../sysdeps/unix/sysv/linux/access.c
fn=access
25 1
27 7
31 1
fl=./io/../sysdeps/unix/sysv/linux/close_nocancel.c
fn=__GI___close_nocancel
25 5
26 20
27 5
fn=__close_nocancel
25 6
26 24
27 6
fl=./io/../sysdeps/unix/sysv/linux/fstat64.c
fn=fstat
30 11
39 44
72 11
fl=./io/../sysdeps/unix/sysv/linux/fstatat64.c
fn=fstatat
91 10
146 10
160 8
161 19
162 1
fl=./io/../sysdeps/unix/sysv/linux/lseek64.c
fn=lseek
28 1
40 4
42 1
fl=./io/../sysdeps/unix/sysv/linux/open64.c
fn=open
30 24
33 10
36 5
37 1
41 18
43 16
fl=./io/../sysdeps/unix/sysv/linux/open64_nocancel.c
fn=__open_nocancel
28 92
31 126
39 155
41 51
fl=./io/../sysdeps/unix/sysv/linux/pread64_nocancel.c
fn=__pread64_nocancel
25 4
26 8
27 2
fl=./io/../sysdeps/unix/sysv/linux/read.c
fn=read
25 237
26 1422
27 237
fl=./io/../sysdeps/unix/sysv/linux/read_nocancel.c
fn=__read_nocancel
25 8
26 32
27 8
fl=./io/../sysdeps/unix/sysv/linux/stat64.c
fn=stat
28 10
29 20
fl=./io/../sysdeps/unix/sysv/linux/write.c
fn=write
25 6
26 36
27 6
fl=./libio/../libio/libioP.h
fn=_IO_seekoff_unlocked
1025 3
1026 2
fl=./libio/../string/bits/string_fortified.h
fn=_IO_file_xsgetn
29 363
fn=_IO_getline_info
29 418
fl=./libio/./libio/filedoalloc.c
fn=_IO_file_doallocate
78 33
84 27
86 12
97 12
101 9
102 6
104 12
105 3
106 27
fl=./libio/./libio/fileops.c
fn=_IO_do_write@@GLIBC_2.2.5
424 73
426 45
427 49
434 12
441 24
444 6
449 30
450 30
452 18
453 12
454 6
455 18
456 30
fn=_IO_file_close
1165 3
1168 6
fn=_IO_file_close_it@@GLIBC_2.2.5
128 21
130 9
133 6
134 9
135 9
137 3
139 6
142 21
145 9
153 15
154 12
157 6
158 3
159 3
160 3
162 6
163 21
fn=_IO_file_finish@@GLIBC_2.2.5
168 18
169 6
175 9
176 9
fn=_IO_file_fopen@@GLIBC_2.2.5
213 36
214 2
222 6
224 24
227 2
228 4
247 94
268 1
269 1
271 1
272 4
273 2
281 15
284 6
287 12
288 6
357 36
fn=_IO_file_open
182 36
184 6
185 6
188 4
189 6
191 3
192 18
195 9
205 6
206 3
207 18
fn=_IO_file_overflow@@GLIBC_2.2.5
732 48
733 24
740 28
743 2
745 2
746 6
755 3
764 3
765 1
766 1
767 1
768 1
769 3
771 3
772 5
775 12
776 12
777 11
788 30
fn=_IO_file_read
1131 241
1133 245
1134 719
fn=_IO_file_seek
1140 1
1141 2
fn=_IO_file_seekoff@@GLIBC_2.2.5
849 3
901 13
909 3
915 4
918 4
930 2
943 2
947 3
949 3
1035 2
1036 5
1037 2
1039 2
1040 1
1041 4
1055 11
fn=_IO_file_stat
1147 3
1148 6
fn=_IO_file_underflow@@GLIBC_2.2.5
462 1230
466 369
467 2
469 246
475 369
478 246
481 3
486 2
490 248
506 246
512 738
517 615
519 246
522 7
526 122
532 1
535 366
536 236
537 244
538 984
fn=_IO_file_write@@GLIBC_2.2.5
1174 48
1175 12
1176 36
1180 18
1181 18
1182 12
1187 6
1188 6
1190 18
1191 18
1194 36
fn=_IO_file_xsgetn
1273 1464
1280 244
1283 3
1288 3
1291 1086
1293 1074
1294 716
1297 121
1302 474
1304 472
1305 118
1306 118
1310 474
1319 711
1320 948
1322 476
1330 354
1331 354
1338 236
1339 708
1342 472
1343 236
1346 7
1353 117
1354 117
1355 351
1356 234
1360 2
1361 976
fn=_IO_file_xsputn@@GLIBC_2.2.5
1198 1080
1200 1
1204 480
1205 120
1211 480
1213 240
1228 360
1229 238
1234 238
1236 595
1237 119
1238 357
1240 238
1244 36
1250 12
1251 30
1253 18
1264 12
1265 24
1267 18
1268 1080
fn=_IO_new_file_init_internal
106 18
110 3
111 3
113 3
114 3
115 9
fl=./libio/./libio/fseek.c
fn=fseek
32 11
35 12
36 9
39 7
fl=./libio/./libio/genops.c
fn=_IO_cleanup
776 6
777 10
780 13
784 3
785 36
792 7
794 6
814 3
816 29
817 3
821 7
822 2
842 12
843 2
855 12
fn=_IO_default_finish
54 6
601 18
603 9
609 9
612 9
624 9
fn=_IO_default_uflow
361 24
362 12
363 8
365 12
366 16
fn=_IO_default_xsputn
371 66
373 12
374 24
375 6
379 24
381 6
382 12
384 12
386 24
387 12
397 6
399 12
404 48
fn=_IO_doallocbuf
343 24
344 6
346 9
347 15
350 18
fn=_IO_flush_all
686 12
687 3
691 6
692 9
695 12
697 3
698 36
700 21
708 33
709 3
713 7
714 2
718 12
fn=_IO_link_in
87 42
88 30
90 6
92 21
93 27
94 3
95 27
97 6
98 3
100 15
101 3
102 18
103 6
106 57
fn=_IO_no_init
563 33
564 3
565 3
566 6
568 3
572 18
579 3
581 3
587 3
588 18
fn=_IO_old_init
531 3
532 6
534 18
539 21
544 3
550 6
555 9
556 6
558 3
fn=_IO_setb
329 66
330 30
331 3
332 6
333 6
335 42
338 36
fn=_IO_sgetn
409 610
411 366
412 244
fn=_IO_switch_to_get_mode
164 738
165 369
168 369
172 246
173 246
176 123
178 246
180 246
181 123
182 492
fn=_IO_un_link
53 6
54 12
82 6
fn=_IO_unsave_markers
937 24
939 8
944 12
946 12
fn=__GI__IO_un_link.part.0
52 30
58 18
59 30
60 3
61 30
63 10
65 6
66 9
74 6
76 22
77 3
78 20
79 6
82 27
fn=__uflow
173 4
299 24
300 20
305 12
308 12
310 8
316 8
321 12
323 16
324 12
fn=__underflow
173 119
269 714
270 594
275 357
278 357
280 238
286 238
291 357
293 476
294 357
fl=./libio/./libio/iofclose.c
fn=fclose@@GLIBC_2.2.5
34 24
48 9
49 3
51 29
52 6
53 9
57 12
58 9
71 6
76 21
fl=./libio/./libio/iofgets_u.c
fn=fgets_unlocked
32 664
37 166
39 166
50 332
51 166
52 581
55 413
56 83
59 82
60 82
62 330
64 581
fl=./libio/./libio/iofopen.c
fn=fopen@@GLIBC_2.2.5
37 6
65 6
67 9
70 6
72 21
73 6
74 6
75 21
85 27
87 21
fl=./libio/./libio/iofread.c
fn=fread
31 1098
32 244
35 732
37 1708
38 488
40 489
41 1098
fl=./libio/./libio/iofwrite.c
fn=fwrite
31 1080
32 240
35 720
37 1680
38 599
39 840
45 480
46 120
49 1080
fl=./libio/./libio/iogetline.c
fn=_IO_getline
33 83
34 166
fn=_IO_getline_info
49 1245
51 166
53 249
54 2
55 343
57 264
58 176
60 8
61 8
63 2
67 6
75 2
77 6
78 3
83 252
85 336
86 168
88 246
89 164
90 246
92 82
94 164
97 164
98 82
101 2
102 2
103 2
107 664
fl=./libio/./libio/ioseekoff.c
fn=_IO_seekoff_unlocked
33 7
34 2
43 7
59 4
60 4
fl=./libio/./libio/libioP.h
fn=_IO_cleanup
1025 1
fn=_IO_default_uflow
1025 12
1026 8
fn=_IO_default_xsputn
1025 6
fn=_IO_do_write@@GLIBC_2.2.5
1025 18
1026 12
fn=_IO_doallocbuf
1025 9
1026 6
fn=_IO_file_close_it@@GLIBC_2.2.5
1025 9
1026 6
fn=_IO_file_doallocate
1025 9
1026 6
fn=_IO_file_seekoff@@GLIBC_2.2.5
1025 4
1026 2
fn=_IO_file_underflow@@GLIBC_2.2.5
1025 492
1026 246
fn=_IO_file_xsgetn
1025 358
1026 236
fn=_IO_file_xsputn@@GLIBC_2.2.5
1025 18
1026 12
fn=_IO_flush_all
1025 2
fn=_IO_sgetn
1025 366
1026 244
fn=__uflow
1025 12
1026 8
fn=__underflow
1025 357
1026 238
fn=fclose@@GLIBC_2.2.5
951 12
952 12
958 6
979 12
980 27
1025 9
1026 6
fn=fread
979 244
980 1098
fn=fseek
979 2
980 8
fn=fwrite
979 240
980 1080
1025 240
1026 240
fl=./libio/./libio/vtables.c
fn=check_stdfiles_vtables
545 1
546 4
547 3
548 3
550 1
fl=./locale/../iconv/gconv_charset.h
fn=_nl_find_locale
58 2
60 36
62 14
63 94
64 30
71 10
74 6
75 16
77 2
78 2
85 99
fl=./locale/../string/bits/string_fortified.h
fn=_nl_find_locale
29 5
fn=_nl_intern_locale_data
59 11
fn=_nl_load_locale_from_archive
29 3
fl=./locale/../sysdeps/unix/sysv/linux/not-cancel.h
fn=_nl_load_locale
75 2
fn=_nl_load_locale_from_archive
75 2
fl=./locale/./locale/findlocale.c
fn=_nl_find_locale
65 8
74 3
77 2
81 7
84 2
86 1
87 4
95 6
103 17
106 2
114 2
118 4
120 3
122 4
131 5
132 5
145 2
149 2
152 3
153 2
158 3
159 2
167 1
168 1
178 3
181 18
196 7
198 2
204 17
210 4
214 14
219 3
225 2
226 3
228 3
231 3
234 9
236 6
237 4
238 8
243 1
244 2
256 3
279 1
280 3
282 4
285 17
288 17
291 5
301 3
305 3
306 1
307 13
308 5
310 5
314 3
319 5
321 3
324 11
fl=./locale/./locale/hashval.h
fn=_nl_load_locale_from_archive
35 1
36 23
38 6
39 12
41 2
fl=./locale/./locale/lc-ctype.c
fn=_nl_postload_ctype
33 1
38 1
56 1
57 2
58 1
59 2
60 1
61 2
65 4
67 2
69 2
71 3
105 6
106 4
107 4
108 3
109 3
110 3
112 1
fl=./locale/./locale/loadarchive.c
fn=_nl_load_locale_from_archive
118 1
119 3
120 2
121 1
122 4
123 4
134 14
135 1
153 2
159 4
169 3
170 4
172 5
173 6
174 2
175 2
176 6
181 3
182 3
183 19
184 11
187 1
189 3
194 2
202 2
205 5
206 2
210 5
225 1
227 8
228 2
235 2
259 1
261 1
265 1
270 3
274 2
277 3
280 5
281 12
287 3
499 11
fl=./locale/./locale/loadlocale.c
fn=_nl_intern_locale_data
69 1
76 10
79 40
86 19
87 10
89 1
90 18
99 4
112 2
123 9
133 4
134 12
141 5
143 2
144 1
152 1
156 5
157 3
160 1
161 1
166 2
169 1
171 2
172 269
174 176
175 182
186 5
206 2
210 175
213 258
214 138
217 40
219 20
220 40
228 9
fn=_nl_load_locale
232 28
240 2
241 2
243 6
244 4
248 7
254 4
279 3
289 8
291 2
328 2
332 4
333 3
344 1
345 1
347 1
348 22
fl=./locale/./locale/localeinfo.h
fn=_nl_find_locale
222 10
fn=new_composite_name
222 24
fl=./locale/./locale/setlocale.c
fn=new_composite_name
139 14
141 3
144 1
146 61
147 12
151 48
152 36
153 48
154 37
158 2
170 4
171 8
174 60
175 12
180 48
181 12
182 24
183 24
184 24
186 1
187 1
188 9
fn=setlocale
195 6
198 4
201 2
210 1
211 4
212 1
218 13
225 3
230 2
234 2
236 7
249 1
250 1
252 3
253 2
265 2
409 1
414 7
416 2
424 2
425 1
429 5
431 2
432 3
437 5
438 3
452 1
457 2
461 2
464 2
466 2
468 12
fl=./malloc/../string/bits/string_fortified.h
fn=calloc
59 48
fn=tcache_init.part.0
59 88
fl=./malloc/../sysdeps/unix/sysv/linux/not-cancel.h
fn=ptmalloc_init.part.0
97 6
fl=./malloc/./malloc/arena.c
fn=calloc
153 32
fn=free
153 474
fn=malloc
153 60
264 1
fn=ptmalloc_init.part.0
262 8
267 1
292 2
296 3
300 4
301 4
302 4
303 4
304 4
305 4
306 4
308 4
309 4
310 4
313 4
314 4
316 2
326 8
fn=realloc
153 7
fl=./malloc/./malloc/malloc.c
fn=_int_free
1792 21
3163 274
3165 548
3166 137
3167 274
4495 1106
4499 474
4505 632
4506 316
4510 790
4517 316
4518 948
4521 137
4527 411
4547 685
4550 137
4561 42
4637 42
4640 42
4643 42
4646 42
4658 927
fn=_int_free_maybe_consolidate
4770 231
4776 42
4778 16
4781 12
4784 20
4798 231
fn=_int_free_merge_chunk
1992 63
4665 168
4666 21
4670 126
4673 84
4675 63
4678 63
4681 42
4682 42
4683 42
4689 42
4691 10
4692 10
4693 10
4694 40
4696 20
4701 63
4702 147
4714 42
4720 40
4721 14
4722 14
4724 13
4732 20
4733 80
4734 40
4736 20
4738 40
4740 60
4743 20
4744 20
4746 60
4747 20
4756 1
4757 3
4758 2
fn=_int_malloc
1326 94
1345 282
1794 45
2008 16
2017 2
2552 18
2553 3
2564 6
2589 12
2590 6
2599 28
2605 6
2608 9
2669 9
2677 6
2678 9
2691 9
2693 3
2699 15
2707 6
2709 12
2710 9
2711 3
2712 3
2715 6
2744 17
2745 1
2746 6
2752 24
2753 12
2755 4
2782 2
2783 1
2795 3
2814 2
2817 2
2818 6
2820 1
2821 6
2833 5
2873 1
2875 1
2876 5
2877 1
2888 3
2921 9
2922 3
2926 3
2930 15
2932 3
2933 3
2934 3
2935 21
2936 6
2938 3
3846 517
3882 1
3887 94
3914 100
3916 60
3919 19
3921 34
3930 51
3977 60
3979 60
3980 44
3982 66
4039 275
4040 75
4058 139
4059 141
4060 141
4070 240
4257 141
4259 100
4262 75
4263 47
4330 47
4331 94
4332 94
4333 94
4334 282
4339 188
4343 325
4346 272
4443 47
4444 94
4446 94
4449 141
4451 44
4452 88
4453 44
4454 352
4456 88
4459 88
4460 141
4461 47
4466 12
4482 3
4487 564
fn=_int_realloc
4914 8
4925 4
4926 5
4927 4
4933 2
4935 2
4936 3
4938 4
4941 2
4951 4
4952 1
4953 1
4955 9
4956 2
4957 3
4959 2
5030 9
fn=alloc_perturb
1985 141
1987 47
fn=calloc
3699 144
3709 144
3717 32
3720 48
3722 32
3732 16
3733 48
3754 48
3756 160
3759 48
3784 16
3796 48
3799 80
3807 16
3809 32
3811 32
3837 112
fn=free
3359 1108
3363 320
3371 316
3373 158
3375 474
3392 474
3398 474
3401 158
3402 950
fn=malloc
1326 312
1345 776
3178 252
3182 252
3186 504
3190 252
3191 126
3248 4
3294 1248
3301 312
3311 304
3313 624
3316 312
3317 4
3318 438
3326 60
3328 120
3329 150
3354 936
fn=ptmalloc_init.part.0
1946 385
1949 381
1957 1
1958 1
1960 1
3143 2
fn=realloc
1326 2
1345 6
3407 33
3413 6
3417 6
3424 6
3425 4
3433 1
3441 2
3443 1
3444 2
3456 3
3464 4
3465 2
3475 2
3506 2
3508 7
3509 7
3538 23
5241 3
5242 3
5243 2
5244 1
fn=tcache_init.part.0
3242 4
3251 8
3252 3
3253 2
3261 4
3270 2
3274 3
fn=unlink_chunk.isra.0
1608 34
1610 85
1613 34
1614 34
1616 68
1619 17
1620 17
1621 85
1645 34
fl=./malloc/./malloc/morecore.c
fn=__glibc_morecore
25 12
26 8
29 4
30 8
34 8
fl=./malloc/./malloc/scratch_buffer_set_array_size.c
fn=__libc_scratch_buffer_set_array_size
30 52
34 4
35 8
45 8
46 4
63 24
fl=./math/../include/math.h
fn=__powf_fma
103 1
106 1
fl=./math/../sysdeps/ieee754/dbl-64/s_sin.c
fn=__sin_fma
104 2620
107 1572
108 1572
111 524
112 2096
113 2096
114 5764
115 2096
116 524
128 2512
129 1012
133 2144
135 1072
136 1072
139 536
140 2680
141 2680
142 5896
143 2144
144 2680
201 9216
211 3456
212 2304
218 2304
225 1048
227 2096
229 2620
254 6912
fn=__sincos_fma
104 4876
105 985
107 1707
108 2392
111 1254
112 5469
113 6607
114 8535
115 3762
116 1254
128 3919
129 2630
133 2485
134 1988
135 1370
136 1370
139 1059
140 6133
141 6721
142 9590
143 4369
144 4691
156 471
157 157
159 314
160 314
164 628
165 314
168 471
169 471
fl=./math/../sysdeps/ieee754/dbl-64/s_sincos.c
fn=__sincos_fma
37 16575
44 3825
46 2550
50 2236
53 2320
54 21
55 42
59 2194
61 528
62 528
63 528
67 1138
68 1138
69 1138
70 2276
71 569
72 569
75 314
81 314
84 471
86 256
87 128
90 698
97 157
99 628
100 157
107 12750
fl=./math/../sysdeps/ieee754/flt-32/e_log10f.c
fn=__log10f_finite@GLIBC_2.15
28 67728
32 16932
34 16932
35 33864
43 33864
44 50796
45 33864
46 67728
47 50796
51 152388
52 50796
53 33864
fl=./math/../sysdeps/ieee754/flt-32/e_log2f.c
fn=__log2f_fma
40 1
49 2
52 3
69 1
70 2
71 2
72 1
73 1
75 4
76 2
79 2
80 3
83 1
84 2
85 1
86 1
87 1
88 2
fl=./math/../sysdeps/ieee754/flt-32/e_logf.c
fn=__logf_fma
41 16974
50 33948
51 80
53 50682
70 16894
71 33788
72 16894
73 50682
75 67576
76 33788
79 33788
80 67576
83 16894
84 33788
85 16894
86 33788
87 33788
88 80
fl=./math/../sysdeps/ieee754/flt-32/e_powf.c
fn=__powf_fma
55 20596
56 41192
57 20596
58 20596
59 20596
61 82384
62 41192
65 41192
66 61788
69 20596
70 41192
71 41192
72 20596
73 20596
74 20596
75 20596
104 41192
106 20596
108 20596
111 41192
112 20596
113 61788
115 41192
116 20596
117 41192
118 20596
119 41192
143 41194
148 20597
149 20597
154 102985
160 2
161 3
206 41192
207 82384
230 20596
231 41194
fl=./math/../sysdeps/ieee754/flt-32/math_config.h
fn=__log2f_fma
67 1
fn=__logf_fma
67 16974
fn=__powf_fma
67 41194
89 20596
fl=./math/../sysdeps/x86/fpu/fenv_private.h
fn=__sin_fma
415 1152
416 4608
419 2304
425 1152
431 2304
fn=__sincos_fma
415 1275
416 5100
419 5100
431 2550
fl=./math/../sysdeps/x86_64/fpu/multiarch/e_asin.c
fn=__acos_finite@GLIBC_2.15
35 1
fn=__asin_finite@GLIBC_2.15
27 2
fl=./math/../sysdeps/x86_64/fpu/multiarch/e_atan2.c
fn=__atan2_finite@GLIBC_2.15
26 2
fl=./math/../sysdeps/x86_64/fpu/multiarch/e_exp.c
fn=__exp_finite@GLIBC_2.15
27 2
fl=./math/../sysdeps/x86_64/fpu/multiarch/e_exp2f.c
fn=exp2f@@GLIBC_2.27
27 2
fl=./math/../sysdeps/x86_64/fpu/multiarch/e_expf.c
fn=expf@@GLIBC_2.27
27 2
fl=./math/../sysdeps/x86_64/fpu/multiarch/e_log.c
fn=__log_finite@GLIBC_2.15
27 2
fl=./math/../sysdeps/x86_64/fpu/multiarch/e_log2.c
fn=log2@@GLIBC_2.29
27 2
fl=./math/../sysdeps/x86_64/fpu/multiarch/e_log2f.c
fn=log2f@@GLIBC_2.27
27 4
fl=./math/../sysdeps/x86_64/fpu/multiarch/e_logf.c
fn=logf@@GLIBC_2.27
27 4
fl=./math/../sysdeps/x86_64/fpu/multiarch/e_pow.c
fn=__pow_finite@GLIBC_2.15
27 2
fl=./math/../sysdeps/x86_64/fpu/multiarch/e_powf.c
fn=powf@@GLIBC_2.27
30 2
fl=./math/../sysdeps/x86_64/fpu/multiarch/ifunc-avx-fma4.h
fn=__atan2_finite@GLIBC_2.15
32 5
33 2
fn=__exp_finite@GLIBC_2.15
32 5
33 2
fn=__log_finite@GLIBC_2.15
32 5
33 2
fn=cos
32 5
33 2
fn=sin
32 10
33 4
fl=./math/../sysdeps/x86_64/fpu/multiarch/ifunc-fma.h
fn=__log1p
29 4
30 3
fn=cosf
29 4
30 3
fn=exp2f@@GLIBC_2.27
29 4
30 3
fn=expf@@GLIBC_2.27
29 4
30 3
fn=expm1
29 4
30 3
fn=log2@@GLIBC_2.29
29 4
30 3
fn=log2f@@GLIBC_2.27
29 8
30 6
fn=logf@@GLIBC_2.27
29 8
30 6
fn=powf@@GLIBC_2.27
29 8
30 8
fn=sincosf
29 4
30 3
fn=sinf
29 4
30 3
fl=./math/../sysdeps/x86_64/fpu/multiarch/ifunc-fma4.h
fn=__acos_finite@GLIBC_2.15
31 4
32 2
35 1
fn=__asin_finite@GLIBC_2.15
31 4
32 2
fn=__pow_finite@GLIBC_2.15
31 4
32 2
fn=sincos
31 8
32 4
fl=./math/../sysdeps/x86_64/fpu/multiarch/s_cosf.c
fn=cosf
26 2
fl=./math/../sysdeps/x86_64/fpu/multiarch/s_expm1.c
fn=expm1
26 2
fl=./math/../sysdeps/x86_64/fpu/multiarch/s_fma.c
fn=fma
49 6
fl=./math/../sysdeps/x86_64/fpu/multiarch/s_log1p.c
fn=__log1p
26 2
fl=./math/../sysdeps/x86_64/fpu/multiarch/s_sin.c
fn=cos
34 2
fn=sin
27 4
fl=./math/../sysdeps/x86_64/fpu/multiarch/s_sincos.c
fn=sincos
26 4
fl=./math/../sysdeps/x86_64/fpu/multiarch/s_sincosf.c
fn=sincosf
26 2
fl=./math/../sysdeps/x86_64/fpu/multiarch/s_sinf.c
fn=sinf
26 2
fl=./math/../sysdeps/x86_64/fpu/s_llrintf.S
fn=lrintf
24 14639
25 14639
26 14639
fl=./math/./math/w_log10f_compat.c
fn=log10f
29 16932
30 50796
44 16932
fl=./misc/../sysdeps/unix/syscall-template.S
fn=mprotect
117 30
122 6
fn=munmap
117 5
122 1
fl=./misc/../sysdeps/unix/sysv/linux/brk.c
fn=brk
36 4
37 8
38 8
44 4
45 4
fl=./misc/../sysdeps/unix/sysv/linux/brk_call.h
fn=brk
24 8
fl=./misc/../sysdeps/unix/sysv/linux/getpagesize.c
fn=getpagesize
27 1
28 4
30 1
fl=./misc/../sysdeps/unix/sysv/linux/mmap64.c
fn=mmap
47 168
50 48
53 106
58 144
60 96
fl=./misc/../sysdeps/unix/sysv/linux/setvmaname.c
fn=__set_vma_name
33 11
35 7
40 7
47 1
49 6
fl=./misc/./misc/init-misc.c
fn=__init_misc
30 5
31 6
33 3
37 5
38 3
40 4
fl=./misc/./misc/sbrk.c
fn=sbrk
37 32
40 8
43 8
58 8
59 4
62 8
63 2
66 12
74 9
78 28
fl=./nptl/../sysdeps/nptl/futex-internal.h
fn=__pthread_once_slow
209 8
fl=./nptl/../sysdeps/unix/sysv/linux/x86/elision-conf.c
fn=__lll_elision_init
92 8
96 5
98 4
100 4
102 4
104 4
107 3
108 1
109 6
fl=./nptl/./nptl/cleanup_compat.c
fn=_pthread_cleanup_pop@@GLIBC_2.34
40 1
43 2
47 2
49 1
fn=_pthread_cleanup_push@@GLIBC_2.34
25 1
28 1
29 1
30 2
32 1
33 1
fl=./nptl/./nptl/libc-cleanup.c
fn=__libc_cleanup_pop_restore
54 8
55 8
57 16
59 8
60 24
71 8
fn=__libc_cleanup_push_defer
24 8
25 8
27 16
29 16
32 16
46 24
48 8
49 8
fl=./nptl/./nptl/pthread_mutex_conf.c
fn=__pthread_tunables_init
55 8
56 5
58 4
60 4
62 6
fl=./nptl/./nptl/pthread_mutex_lock.c
fn=pthread_mutex_lock@@GLIBC_2.2.5
44 1
45 7
46 1
77 5
80 3
82 1
84 2
88 2
97 2
108 4
112 1
115 2
124 1
130 3
131 2
179 1
182 1
184 1
187 1
190 3
fl=./nptl/./nptl/pthread_mutex_unlock.c
fn=pthread_mutex_unlock@@GLIBC_2.2.5
39 1
40 4
41 1
51 3
52 2
57 2
62 1
65 1
70 1
72 1
74 2
80 4
84 3
87 2
367 4
369 2
fl=./nptl/./nptl/pthread_once.c
fn=__pthread_once_slow
68 11
76 1
80 2
88 2
92 2
101 4
114 13
116 1
118 3
124 1
132 10
fn=pthread_once@@GLIBC_2.34
136 1
139 1
140 2
143 1
fl=./nptl/./nptl/pthread_rwlock_common.c
fn=pthread_rwlock_unlock@@GLIBC_2.34
221 5
531 1
535 3
536 2
538 3
559 1
561 8
569 2
582 2
fn=pthread_rwlock_wrlock@@GLIBC_2.34
603 4
622 6
624 2
778 3
783 2
788 4
789 8
795 12
802 1
947 2
949 1
fl=./nptl/./nptl/pthread_rwlock_unlock.c
fn=pthread_rwlock_unlock@@GLIBC_2.34
30 6
31 1
38 3
39 1
44 5
fl=./nptl/./nptl/pthread_rwlock_wrlock.c
fn=pthread_rwlock_wrlock@@GLIBC_2.34
23 10
24 1
27 1
29 9
fl=./posix/../malloc/dynarray-skeleton.c
fn=__unregister_atfork
243 4
fl=./posix/../sysdeps/posix/sysconf.c
fn=sysconf
60 14
221 3
fl=./posix/../sysdeps/unix/sysv/linux/_exit.c
fn=_Exit
27 2
30 4
fl=./posix/../sysdeps/unix/sysv/linux/x86/../sysconf.c
fn=sysconf
49 10
fl=./posix/../sysdeps/unix/sysv/linux/x86/sysconf.c
fn=sysconf
32 12
33 3
37 10
fl=./posix/./posix/getopt.c
fn=_getopt_internal
706 30
709 30
710 6
712 30
716 12
717 18
718 18
721 18
fn=_getopt_internal_r
391 3
392 1
395 3
400 2
405 12
408 1
410 1
474 72
475 6
477 12
478 2
480 24
482 36
484 20
487 1
488 18
493 19
499 18
501 18
504 18
509 18
510 2
511 9
512 10
513 8
518 59
519 2
520 12
528 46
549 4
550 1
557 25
567 10
569 10
573 4
574 12
591 6
605 6
611 15
612 15
615 18
616 3
618 15
627 15
630 3
632 3
651 18
654 6
656 6
671 6
678 6
694 12
695 3
698 3
700 54
fn=exchange
132 8
133 9
134 1
135 3
143 15
145 12
152 3
154 1
155 14
156 1
159 2
168 17
170 1
171 2
172 1
175 1
181 7
183 8
fn=process_long_option
198 40
206 136
208 4
212 302
213 348
214 8
310 4
333 6
334 2
335 4
339 2
352 4
354 3
355 7
368 6
369 2
370 6
372 2
376 22
fl=./posix/./posix/getopt1.c
fn=getopt_long
30 18
31 24
33 12
fl=./posix/./posix/register-atfork.c
fn=__unregister_atfork
71 8
82 24
83 16
109 16
110 12
fl=./resource/../sysdeps/unix/sysv/linux/getrlimit64.c
fn=getrlimit
38 2
39 7
40 1
fl=./setjmp/../sysdeps/x86_64/bsd-_setjmp.S
fn=_setjmp
28 1
30 1
32 1
fl=./setjmp/../sysdeps/x86_64/setjmp.S
fn=__sigsetjmp
31 9
33 9
42 9
43 18
44 9
48 9
49 9
50 9
51 9
52 9
54 18
56 9
57 9
58 9
60 18
62 9
67 1
68 1
70 8
73 8
74 8
81 8
82 8
85 1
fl=./setjmp/./setjmp/sigjmp.c
fn=__sigjmp_save
28 6
29 1
30 2
34 4
fl=./signal/../string/bits/string_fortified.h
fn=__libc_sigaction
29 64
fl=./signal/../sysdeps/posix/signal.c
fn=signal
30 14
34 10
35 4
41 2
44 8
45 12
48 2
49 10
fl=./signal/../sysdeps/unix/sysv/linux/internal-signals.h
fn=sigaction
53 2
fn=signal
53 2
fl=./signal/../sysdeps/unix/sysv/linux/libc_sigaction.c
fn=__libc_sigaction
43 16
48 4
50 4
53 10
58 22
63 8
65 4
67 4
68 4
71 12
fl=./signal/../sysdeps/unix/sysv/linux/sigsetops.h
fn=signal
96 2
102 4
104 2
fl=./signal/./signal/sigaction.c
fn=sigaction
26 2
27 10
33 2
fl=./stdlib/../stdlib/strtol.c
fn=strtol
116 2
117 10
fl=./stdlib/../stdlib/strtol_l.c
fn=____strtol_l_internal
238 26
252 2
257 2
258 4
264 4
292 2
295 8
304 12
306 4
310 2
311 4
316 4
320 4
322 2
327 3
335 2
342 4
345 8
393 2
394 2
395 2
449 6
451 22
453 9
477 2
478 2
481 9
484 12
489 7
490 9
495 4
500 6
506 4
507 4
509 6
524 2
546 16
fl=./stdlib/../string/bits/string_fortified.h
fn=msort_with_tmp.part.0
29 352
fl=./stdlib/./stdlib/cxa_atexit.c
fn=__cxa_atexit
41 2
43 8
44 2
46 2
52 3
53 1
54 1
55 1
56 1
57 4
58 1
67 7
69 6
fn=__new_exitfn
80 5
81 1
86 2
91 10
93 4
101 1
122 1
123 1
134 1
136 1
137 1
141 5
fl=./stdlib/./stdlib/cxa_finalize.c
fn=__cxa_finalize
30 40
33 28
36 28
40 28
93 28
97 24
105 8
106 16
107 32
fl=./stdlib/./stdlib/cxa_thread_atexit_impl.c
fn=__call_tls_dtors
148 5
149 4
165 4
fl=./stdlib/./stdlib/exit.c
fn=__run_exit_handlers
38 12
40 2
41 2
43 5
54 2
56 2
60 1
64 6
66 2
67 1
69 7
94 2
101 1
102 1
103 1
104 3
107 4
108 3
109 4
113 3
119 3
120 2
126 4
128 2
129 2
131 2
fn=exit
137 3
138 4
fl=./stdlib/./stdlib/getenv.c
fn=getenv
24 54
25 48
28 12
29 1066
31 526
32 218
33 1
37 54
fl=./stdlib/./stdlib/qsort.c
fn=msort_with_tmp.part.0
196 1020
201 656
204 170
205 182
206 80
207 255
212 170
213 170
214 170
215 170
216 575
219 18
221 49
223 7
224 7
225 7
233 7
273 916
275 1323
277 897
278 354
279 177
283 48
284 24
285 12
291 164
292 8
293 345
294 595
fn=qsort
404 5
405 10
fn=qsort_r
132 35
134 10
135 5
136 2
140 6
201 5
344 60
345 30
350 5
353 10
354 5
356 10
357 10
385 25
396 10
398 55
fl=./string/../include/rtld-malloc.h
fn=strdup
56 10
fl=./string/../string/bits/string_fortified.h
fn=memmem
59 40
fn=strdup
29 8
fn=strndup
29 4
fl=./string/../string/strcspn.c
fn=strcspn
32 6
33 3
34 2
39 6
40 4
41 4
42 4
44 1
47 9
48 6
51 4
52 4
53 4
54 4
56 3
61 13
62 26
63 26
64 26
65 13
67 78
69 1
70 4
71 3
fl=./string/../string/strstr.c
fn=__GI_strstr
77 36
82 9
84 15
85 6
86 6
161 36
fl=./string/../sysdeps/x86/cacheinfo.c
fn=__x86_cacheinfo
86 1
fl=./string/../sysdeps/x86/cacheinfo.h
fn=__x86_cacheinfo
59 1
62 3
64 3
65 1
71 3
73 3
74 1
78 2
80 2
81 2
82 2
84 2
86 2
fl=./string/../sysdeps/x86_64/multiarch/../multiarch/memcmp-sse2.S
fn=bcmp
59 1
71 1
72 1
94 1
95 1
140 1
141 1
143 1
144 1
146 1
147 1
149 1
150 1
197 1
198 1
199 1
200 1
201 1
202 1
fl=./string/../sysdeps/x86_64/multiarch/../multiarch/memset-vec-unaligned-erms.S
fn=memset
132 9
133 45
138 9
139 9
142 3
143 3
244 3
245 3
257 3
260 3
261 3
273 3
274 3
287 3
288 3
290 3
293 2
296 4
299 76
300 76
301 76
302 76
303 76
304 76
305 76
308 3
309 3
310 3
311 3
316 3
350 6
352 6
353 6
392 6
393 6
395 6
fl=./string/../sysdeps/x86_64/multiarch/../multiarch/strchr-sse2.S
fn=index
32 24
33 24
34 24
35 24
36 24
37 24
38 24
39 24
40 24
41 24
42 24
43 24
44 24
45 24
46 24
47 24
48 24
49 24
50 21
54 21
55 21
56 21
57 21
59 21
63 3
64 3
65 3
66 3
67 3
68 3
69 3
70 3
71 3
72 3
73 3
74 3
75 3
76 3
77 3
78 3
79 3
80 3
81 3
82 3
83 3
84 3
85 3
86 3
138 3
142 3
143 3
144 3
145 3
147 3
fl=./string/../sysdeps/x86_64/multiarch/../multiarch/strcmp-sse2.S
fn=strcmp
98 472
131 472
132 472
134 472
135 472
156 472
157 472
158 406
159 406
160 336
161 336
162 336
163 336
180 336
181 336
182 336
183 336
184 336
185 336
186 336
191 18
192 54
201 154
202 154
203 154
204 154
205 154
206 154
207 154
208 154
209 146
210 68
211 68
212 68
214 146
215 146
216 146
217 146
218 146
219 146
229 8
230 8
231 8
233 8
239 8
240 8
241 8
242 8
243 8
248 8
250 1
251 1
252 2
260 1
261 1
264 1
265 1
266 1
267 1
268 1
269 1
300 6
301 6
302 6
303 6
304 6
306 6
307 6
308 6
309 6
310 6
311 6
312 6
313 6
316 6
317 6
318 6
324 6
325 6
326 12
330 6
331 6
334 6
335 6
336 6
338 6
339 6
340 6
344 6
345 6
346 6
347 6
348 6
349 6
661 3
662 3
663 3
664 3
665 3
667 3
668 3
669 3
670 3
671 3
672 3
673 3
674 2
678 2
679 2
680 2
686 2
687 2
688 4
692 2
693 2
696 2
697 2
698 2
700 2
701 2
702 2
706 2
707 2
708 2
709 2
710 2
711 2
780 3
781 3
782 3
783 3
784 3
786 3
787 3
788 3
789 3
790 3
791 3
792 3
793 2
797 2
798 2
799 2
805 2
806 2
807 4
811 2
812 2
815 2
816 2
817 2
819 2
820 2
821 2
825 2
826 2
827 2
828 2
829 2
830 2
899 4
900 4
901 4
902 4
903 4
905 4
906 4
907 4
908 4
909 4
910 4
911 4
912 3
916 3
917 3
918 3
924 3
925 3
926 6
930 3
931 3
934 3
935 3
936 3
938 3
939 3
940 3
944 3
945 3
946 3
947 3
948 3
949 3
956 1
957 1
959 1
960 1
962 1
963 1
964 1
966 1
967 1
968 1
972 1
973 1
974 1
975 1
976 1
977 1
1018 6
1019 6
1020 6
1021 6
1022 6
1024 6
1025 6
1026 6
1027 6
1028 6
1029 6
1030 6
1031 4
1035 4
1036 4
1037 4
1043 4
1044 4
1045 8
1049 4
1050 4
1053 4
1054 4
1055 4
1057 4
1058 4
1059 4
1063 4
1064 4
1065 4
1066 4
1067 4
1068 4
1137 6
1138 6
1139 6
1140 6
1141 6
1143 6
1144 6
1145 6
1146 6
1147 6
1148 6
1149 6
1150 3
1154 3
1155 3
1156 3
1162 3
1163 3
1164 6
1168 3
1169 3
1172 3
1173 3
1174 3
1176 3
1177 3
1178 3
1182 3
1183 3
1184 3
1185 3
1186 3
1187 3
1256 15
1257 15
1258 15
1259 15
1260 15
1262 15
1263 15
1264 15
1265 15
1266 15
1267 15
1268 15
1375 10
1376 10
1377 10
1378 10
1379 10
1381 10
1382 10
1383 10
1384 10
1385 10
1386 10
1387 10
1388 5
1392 5
1393 5
1394 5
1400 5
1401 5
1402 10
1406 5
1407 5
1410 5
1411 5
1412 5
1414 5
1415 5
1416 5
1420 5
1421 5
1422 5
1423 5
1424 5
1425 5
1494 30
1495 30
1496 30
1497 30
1498 30
1500 30
1501 30
1502 30
1503 30
1504 30
1505 30
1506 30
1507 15
1511 15
1512 15
1513 15
1519 15
1520 15
1521 30
1525 15
1526 15
1529 15
1530 15
1531 15
1533 15
1534 15
1535 15
1539 15
1540 15
1541 15
1542 15
1543 15
1544 15
1613 10
1614 10
1615 10
1616 10
1617 10
1619 10
1620 10
1621 10
1622 10
1623 10
1624 10
1625 10
1626 8
1630 8
1631 8
1632 8
1638 8
1639 8
1640 16
1644 8
1645 8
1648 8
1649 8
1650 8
1652 8
1653 8
1654 8
1658 8
1659 8
1660 8
1661 8
1662 8
1663 8
1670 1
1671 1
1673 1
1674 1
1676 1
1677 1
1678 1
1680 1
1681 1
1682 1
1686 1
1687 1
1688 1
1689 1
1690 1
1691 1
1732 16
1733 16
1734 16
1735 16
1736 16
1738 16
1739 16
1740 16
1741 16
1742 16
1743 16
1744 16
1745 15
1749 15
1750 15
1751 15
1757 15
1758 15
1759 30
1763 15
1764 15
1767 15
1768 15
1769 15
1771 15
1772 15
1773 15
1777 15
1778 15
1779 15
1780 15
1781 15
1782 15
1789 1
1790 1
1792 1
1793 1
1795 1
1796 1
1797 1
1799 1
1800 1
1801 1
1805 1
1806 1
1807 1
1808 1
1809 1
1810 1
1851 8
1852 8
1853 8
1854 8
1855 8
1857 8
1858 8
1859 8
1860 8
1861 8
1862 8
1863 8
1864 3
1868 3
1869 3
1870 3
1876 3
1877 3
1878 6
1882 3
1883 3
1886 3
1887 3
1888 3
1890 3
1891 3
1892 3
1896 3
1897 3
1898 3
1899 3
1900 3
1901 3
1970 29
1971 29
1972 29
1973 29
1974 29
1976 29
1977 29
1978 29
1979 29
1980 29
1981 29
1982 29
1984 8
1988 8
1989 8
1990 8
1996 8
1997 8
1999 16
2003 8
2004 8
2007 8
2008 8
2009 8
2011 8
2012 8
2013 8
2017 8
2018 8
2019 8
2020 8
2021 8
2022 8
2029 1
2030 1
2032 1
2033 1
2035 1
2036 1
2037 1
2039 1
2040 1
2041 1
2045 1
2046 1
2047 1
2048 1
2049 1
2050 1
2093 75
2095 154
2096 154
2097 154
2098 154
2099 136
2104 472
2110 472
2111 472
2119 472
2120 472
fn=strncmp
98 3
125 3
126 3
127 3
128 3
129 3
131 3
132 3
134 3
135 3
156 3
157 3
158 3
159 3
160 1
161 1
162 1
163 1
180 1
181 1
182 1
183 1
184 1
185 1
186 1
201 2
202 2
203 2
204 2
205 2
206 2
207 2
208 2
209 2
214 2
215 2
216 2
217 2
218 2
219 2
1137 2
1138 2
1139 2
1140 2
1141 2
1143 2
1144 2
1145 2
1146 2
1147 2
1148 2
1149 2
2095 2
2096 2
2097 2
2098 2
2104 3
2107 3
2108 3
2110 1
2111 1
2119 1
2120 1
2123 2
2124 2
fl=./string/../sysdeps/x86_64/multiarch/../multiarch/strcpy-sse2-unaligned.S
fn=stpcpy
45 1
51 1
58 1
59 1
60 1
301 1
302 1
303 1
304 1
305 1
315 1
316 1
318 1
319 1
320 1
330 1
331 1
357 1
358 1
363 1
364 4
686 1
687 1
688 1
689 1
691 1
698 1
fl=./string/../sysdeps/x86_64/multiarch/../multiarch/strlen-sse2.S
fn=strlen
57 30
101 30
102 30
103 30
104 30
105 30
106 30
107 30
109 30
111 30
142 30
143 30
144 30
145 30
146 30
147 16
149 16
153 14
154 14
155 14
156 14
157 14
158 14
159 14
160 14
161 14
162 14
163 14
164 14
169 112
fl=./string/../sysdeps/x86_64/multiarch/ifunc-avx2.h
fn=memrchr
38 4
40 3
41 2
42 3
45 2
46 2
49 3
52 6
fn=rindex
38 8
40 6
41 4
42 6
45 4
46 4
49 6
52 12
fn=strchrnul
38 4
40 3
41 2
42 3
45 2
46 2
49 3
52 6
fn=strlen
38 8
40 6
41 4
42 6
45 4
46 4
49 6
52 12
fn=strnlen
38 8
40 6
41 4
42 6
45 4
46 4
49 6
52 12
fl=./string/../sysdeps/x86_64/multiarch/ifunc-evex.h
fn=memchr
37 4
38 3
39 3
42 2
43 2
45 2
51 3
54 4
fl=./string/../sysdeps/x86_64/multiarch/ifunc-memcmp.h
fn=bcmp
34 10
35 4
36 4
37 6
40 4
41 4
44 6
47 8
fl=./string/../sysdeps/x86_64/multiarch/ifunc-memmove.h
fn=memcpy@@GLIBC_2.14
56 4
57 6
60 6
61 4
74 4
77 4
85 4
93 4
96 10
fn=memmove
56 4
57 6
60 6
61 4
74 4
77 4
85 4
93 4
96 10
fn=mempcpy
56 2
57 3
60 3
61 2
74 2
77 2
85 2
93 2
96 5
fl=./string/../sysdeps/x86_64/multiarch/ifunc-memset.h
fn=memset
54 10
57 6
58 4
64 4
73 4
75 4
85 4
93 4
96 10
fl=./string/../sysdeps/x86_64/multiarch/ifunc-sse4_2.h
fn=strcspn
36 5
fn=strpbrk
36 5
fn=strspn
36 5
fl=./string/../sysdeps/x86_64/multiarch/ifunc-strcasecmp.h
fn=strcasecmp
36 8
37 4
38 6
41 4
42 4
45 6
48 10
fn=strcasecmp_l
36 4
37 2
38 3
41 2
42 2
45 3
48 5
fn=strncasecmp
36 4
37 2
38 3
41 2
42 2
45 3
48 5
fn=strncasecmp_l
36 4
37 2
38 3
41 2
42 2
45 3
48 5
fl=./string/../sysdeps/x86_64/multiarch/ifunc-strcpy.h
fn=stpcpy
38 4
39 3
42 2
43 2
46 3
49 3
fn=strcat
38 4
39 3
42 2
43 2
46 3
49 3
fn=strcpy
38 4
39 3
42 2
43 2
46 3
49 3
fl=./string/../sysdeps/x86_64/multiarch/ifunc-strncpy.h
fn=stpncpy
35 5
36 3
39 2
40 2
43 3
46 4
fn=strncpy
35 5
36 3
39 2
40 2
43 3
46 4
fl=./string/../sysdeps/x86_64/multiarch/memchr-avx2.S
fn=__memchr_avx2
61 85
68 85
70 85
73 85
74 85
76 85
77 85
78 85
79 85
82 85
83 85
86 85
87 85
89 83
90 83
91 38
92 38
94 76
101 2
106 2
113 2
114 2
121 18
122 18
123 18
124 36
128 2
129 2
133 17
134 17
135 17
136 34
140 3
141 3
142 3
143 6
161 45
162 45
163 45
165 45
175 45
176 45
179 45
180 45
182 38
183 38
185 20
186 20
187 20
188 20
190 3
191 3
192 3
193 3
257 7
258 7
261 2
262 2
266 1
267 1
278 2
310 5
312 5
314 5
315 5
316 5
317 5
318 10
338 1
342 1
344 1
345 2
366 1
367 1
368 1
369 1
fl=./string/../sysdeps/x86_64/multiarch/memchr.c
fn=memchr
29 2
fl=./string/../sysdeps/x86_64/multiarch/memcmp.c
fn=bcmp
29 8
fl=./string/../sysdeps/x86_64/multiarch/memcmpeq.c
fn=memcpy@@GLIBC_2.14
29 2
fl=./string/../sysdeps/x86_64/multiarch/memmove-vec-unaligned-erms.S
fn=???
251 44
fn=__memcpy_avx_unaligned_erms
255 881
256 881
262 1316
263 1316
265 546
266 546
267 546
270 288
271 288
272 288
275 576
305 770
306 770
308 542
309 542
311 373
315 373
316 99
317 99
318 99
319 99
320 94
321 94
323 99
325 99
331 274
332 274
333 274
334 274
335 274
342 228
343 228
344 228
345 228
347 228
364 169
365 169
366 169
367 169
368 169
375 23
376 23
377 23
378 23
379 23
380 23
381 46
386 258
387 258
392 258
393 258
395 132
396 132
397 132
399 109
400 109
401 109
402 109
403 109
404 109
405 109
406 109
407 109
408 109
409 109
410 109
411 109
412 109
413 218
417 126
418 126
422 126
424 126
428 126
429 126
440 126
443 126
445 126
447 126
451 126
452 126
461 8
462 8
464 8
466 8
467 8
468 8
471 8
473 8
475 8
477 16
483 11
484 11
485 11
486 11
487 11
488 11
489 11
490 11
491 11
492 11
493 11
494 11
496 8
497 8
498 8
499 8
501 8
505 16
518 118
519 118
521 118
522 118
523 118
525 118
527 118
529 236
535 3638
536 3638
537 3638
538 3638
539 3638
540 3638
541 3638
542 3638
543 3638
544 3638
545 3638
546 3638
548 118
549 118
550 118
551 118
553 118
554 236
fn=__memcpy_chk_avx_unaligned_erms
249 11
250 11
251 11
fn=__mempcpy_avx_unaligned_erms
242 435
243 435
244 435
245 435
fn=memcpy
210 27
211 27
217 60
218 60
220 31
221 31
222 31
224 19
225 19
226 19
228 19
308 29
309 29
311 7
315 7
316 7
317 7
318 2
319 2
323 2
325 7
364 22
365 22
366 22
367 22
368 22
375 12
376 12
377 12
378 12
379 12
380 12
381 12
392 12
393 12
395 12
396 12
397 12
fn=mempcpy
197 33
198 33
199 33
200 33
fl=./string/../sysdeps/x86_64/multiarch/memmove.c
fn=memmove
29 2
fl=./string/../sysdeps/x86_64/multiarch/mempcpy.c
fn=mempcpy
33 1
fl=./string/../sysdeps/x86_64/multiarch/memrchr.c
fn=memrchr
29 3
fl=./string/../sysdeps/x86_64/multiarch/memset-vec-unaligned-erms.S
fn=???
154 4
fn=__memset_avx2_unaligned_erms
158 1036
159 2072
164 1036
165 1036
166 880
167 880
168 880
170 306
171 306
172 612
181 41
182 41
184 82
237 574
238 574
244 443
245 443
257 443
260 443
261 443
273 402
274 402
287 402
288 402
290 402
308 402
309 402
310 402
311 402
314 804
325 131
326 131
327 131
328 1245195
329 131
330 262
337 156
346 156
347 156
352 155
353 155
354 67
355 67
356 67
357 67
358 65
359 65
361 65
378 1
379 1
380 1
389 88
390 88
395 88
416 2
417 2
418 2
423 2
fn=__memset_chk_avx2_unaligned_erms
152 1
153 1
154 1
fl=./string/../sysdeps/x86_64/multiarch/memset.c
fn=memset
29 2
fl=./string/../sysdeps/x86_64/multiarch/stpcpy.c
fn=stpcpy
33 3
fl=./string/../sysdeps/x86_64/multiarch/stpncpy.c
fn=stpncpy
31 3
fl=./string/../sysdeps/x86_64/multiarch/strcasecmp.c
fn=strcasecmp
31 6
fl=./string/../sysdeps/x86_64/multiarch/strcasecmp_l.c
fn=strcasecmp_l
31 3
fl=./string/../sysdeps/x86_64/multiarch/strcat.c
fn=strcat
29 3
fl=./string/../sysdeps/x86_64/multiarch/strchr-avx2.S
fn=__strchr_avx2
53 89
55 89
56 89
57 89
58 89
59 89
62 89
63 89
67 89
68 89
69 89
70 89
71 89
72 89
73 89
74 44
77 44
85 44
87 41
89 82
93 3
94 6
101 30
102 30
105 30
106 30
108 30
109 60
114 15
115 15
118 15
119 15
121 15
122 30
157 45
161 45
162 45
163 45
164 45
165 45
166 45
167 45
169 15
170 15
171 15
172 15
173 15
174 15
175 15
fn=__strchrnul_avx2
53 1
55 1
56 1
57 1
58 1
59 1
62 1
63 1
67 1
68 1
69 1
70 1
71 1
72 1
73 1
74 1
87 1
89 2
fl=./string/../sysdeps/x86_64/multiarch/strchr.c
fn=index
42 8
43 4
44 6
47 4
48 4
51 6
54 6
65 6
fl=./string/../sysdeps/x86_64/multiarch/strchrnul.c
fn=strchrnul
31 3
fl=./string/../sysdeps/x86_64/multiarch/strcmp-avx2.S
fn=__strcasecmp_avx2
193 1
194 1
195 2
fn=__strcasecmp_l_avx2
206 127
215 127
217 127
218 127
219 127
249 127
270 127
271 127
272 127
274 127
275 127
276 127
278 127
279 127
283 110
287 1100
289 110
291 110
294 110
303 110
304 110
308 110
318 110
319 110
320 110
321 110
322 110
326 220
953 127
954 127
957 17
958 17
959 17
960 17
962 17
965 17
966 17
970 10
971 10
980 10
984 10
985 18
993 14
994 140
995 14
996 14
997 14
998 14
1000 14
1035 17
1036 17
1047 17
1048 17
1049 17
1050 17
1051 17
1052 17
1053 17
1056 34
1076 7
1077 7
1080 7
1081 7
1082 7
1083 7
1089 7
1091 7
1094 7
1095 7
1100 3
1101 3
1154 3
1155 3
1157 3
1158 3
1159 3
1160 27
1161 3
1162 3
1163 3
1164 3
fn=__strcmp_avx2
206 19
249 19
274 19
275 19
276 19
278 19
279 19
283 17
287 17
289 17
291 17
294 17
303 17
304 17
308 17
318 17
319 17
322 17
326 34
953 19
954 19
957 4
958 4
959 4
960 4
962 4
965 4
966 4
970 2
971 2
980 2
984 2
985 4
993 2
994 2
995 2
996 2
997 2
998 2
1000 2
1035 2
1036 2
1047 2
1048 2
1051 2
1052 2
1053 2
1056 4
1076 2
1077 2
fn=__strncmp_avx2
206 99
230 99
235 99
249 99
274 99
275 99
276 99
278 99
279 99
283 31
287 31
289 31
291 31
294 31
296 31
297 31
308 30
318 30
319 30
322 30
326 60
331 31
332 31
333 31
337 1
338 2
957 70
958 70
959 70
960 70
962 70
965 70
966 70
970 3
971 3
980 3
984 3
985 3
993 64
994 64
995 64
996 64
997 64
998 64
1000 64
1047 66
1048 66
1051 66
1052 66
1053 66
1056 132
1063 68
1064 68
1065 68
1066 70
1069 2
1070 4
1076 67
1077 67
1080 65
1081 65
1082 65
1083 65
1089 65
1091 65
1094 65
1095 69
1100 4
1101 4
1154 4
1155 4
1157 4
1158 4
1159 4
1160 4
1161 4
1162 4
1163 4
1164 4
fl=./string/../sysdeps/x86_64/multiarch/strcmp.c
fn=strcmp
47 8
48 4
49 6
52 4
53 4
56 6
59 6
79 6
fl=./string/../sysdeps/x86_64/multiarch/strcpy-avx2.S
fn=__stpcpy_avx2
64 37
65 37
72 37
73 37
74 37
75 37
80 37
81 37
82 37
84 37
85 37
89 37
91 37
92 37
94 37
101 37
102 37
104 36
105 36
111 27
112 27
114 18
115 18
116 18
117 36
121 18
122 18
126 9
127 9
128 9
129 9
134 1
135 1
136 1
137 1
144 9
146 9
147 9
148 9
fl=./string/../sysdeps/x86_64/multiarch/strcpy.c
fn=strcpy
29 3
fl=./string/../sysdeps/x86_64/multiarch/strcspn.c
fn=strcspn
29 2
fl=./string/../sysdeps/x86_64/multiarch/strlen-avx2.S
fn=__strlen_avx2
52 168
65 168
66 168
67 168
70 168
72 168
73 168
76 168
77 168
85 168
86 168
87 168
92 336
fn=__strnlen_avx2
52 1
59 1
61 1
63 1
65 1
66 1
67 1
70 1
72 1
73 1
76 1
77 1
80 1
81 1
107 1
108 1
113 2
fl=./string/../sysdeps/x86_64/multiarch/strlen.c
fn=strlen
29 6
fl=./string/../sysdeps/x86_64/multiarch/strncase.c
fn=strncasecmp
31 3
fl=./string/../sysdeps/x86_64/multiarch/strncase_l.c
fn=strncasecmp_l
31 3
fl=./string/../sysdeps/x86_64/multiarch/strncmp.c
fn=strncmp
43 8
44 4
45 6
48 4
49 4
52 6
55 10
67 6
fl=./string/../sysdeps/x86_64/multiarch/strncpy.c
fn=strncpy
29 3
fl=./string/../sysdeps/x86_64/multiarch/strnlen.c
fn=strnlen
31 6
fl=./string/../sysdeps/x86_64/multiarch/strpbrk.c
fn=strpbrk
29 2
fl=./string/../sysdeps/x86_64/multiarch/strrchr-avx2.S
fn=__strrchr_avx2
53 5
54 5
55 5
57 5
58 5
62 5
63 5
64 5
67 5
69 5
70 5
71 5
72 5
75 5
76 5
78 5
79 5
80 5
81 4
82 4
91 10
fl=./string/../sysdeps/x86_64/multiarch/strrchr.c
fn=rindex
28 6
fl=./string/../sysdeps/x86_64/multiarch/strspn.c
fn=strspn
29 2
fl=./string/./string/memmem.c
fn=memmem
55 13
59 4
61 2
65 2
68 3
70 2
75 1
79 2
84 1
85 1
88 13
89 14
92 9
93 1
95 5
100 2
101 12
103 8
107 1
108 2
119 1
126 11
fl=./string/./string/strdup.c
fn=strdup
40 42
41 14
42 4
44 14
47 20
48 23
fl=./string/./string/strndup.c
fn=strndup
41 8
42 2
43 3
45 2
48 1
50 6
fl=./time/../sysdeps/unix/sysv/linux/clock_gettime.c
fn=clock_gettime@@GLIBC_2.17
30 125
38 250
40 250
44 250
68 250
69 250
fl=./time/../sysdeps/unix/sysv/linux/dl-vdso.h
fn=gettimeofday
40 2
41 2
fn=time
40 2
41 2
fl=./time/../sysdeps/unix/sysv/linux/gettimeofday.c
fn=gettimeofday
42 3
fl=./time/../sysdeps/unix/sysv/linux/time.c
fn=time
38 3
fl=./wcsmbs/../sysdeps/x86_64/multiarch/ifunc-avx2.h
fn=wcschr
38 8
40 6
41 4
42 6
45 4
46 4
49 6
52 12
fn=wcscmp
38 4
40 3
41 2
42 3
45 2
46 2
49 3
52 6
fl=./wcsmbs/../sysdeps/x86_64/multiarch/ifunc-evex.h
fn=wmemchr
37 8
38 6
39 6
42 4
43 4
45 4
51 6
54 8
fl=./wcsmbs/../sysdeps/x86_64/multiarch/ifunc-memcmp.h
fn=wmemcmp
34 5
35 2
36 2
37 3
40 2
41 2
44 3
47 4
fl=./wcsmbs/../sysdeps/x86_64/multiarch/ifunc-wcs.h
fn=wcpncpy
39 4
40 3
41 3
44 2
45 3
48 4
fn=wcscat
39 4
40 3
41 3
44 2
45 3
48 4
fn=wcsncpy
39 4
40 3
41 3
44 2
45 3
48 4
fl=./wcsmbs/../sysdeps/x86_64/multiarch/ifunc-wcslen.h
fn=wcslen
40 4
41 2
42 3
45 2
46 2
49 3
52 3
fn=wcsnlen
40 4
41 2
42 3
45 2
46 2
49 3
52 3
fl=./wcsmbs/../sysdeps/x86_64/multiarch/ifunc-wmemset.h
fn=wmemset
36 10
37 6
fl=./wcsmbs/../sysdeps/x86_64/multiarch/wcpcpy.c
fn=wcpncpy
31 1
fl=./wcsmbs/../sysdeps/x86_64/multiarch/wcpncpy.c
fn=wcpncpy
31 1
fl=./wcsmbs/../sysdeps/x86_64/multiarch/wcscat.c
fn=wcscat
31 2
fn=wcschr
31 2
fl=./wcsmbs/../sysdeps/x86_64/multiarch/wcschr.c
fn=wcschr
31 4
fl=./wcsmbs/../sysdeps/x86_64/multiarch/wcscmp.c
fn=wcscmp
30 3
fl=./wcsmbs/../sysdeps/x86_64/multiarch/wcscpy.c
fn=wcscpy
42 4
43 2
44 3
46 2
47 3
50 3
60 2
fl=./wcsmbs/../sysdeps/x86_64/multiarch/wcslen.c
fn=wcslen
29 3
fl=./wcsmbs/../sysdeps/x86_64/multiarch/wcsncpy.c
fn=wcsncpy
31 2
fl=./wcsmbs/../sysdeps/x86_64/multiarch/wcsnlen.c
fn=wcsnlen
30 3
fl=./wcsmbs/../sysdeps/x86_64/multiarch/wmemchr.c
fn=wmemchr
31 4
fl=./wcsmbs/../sysdeps/x86_64/multiarch/wmemcmp.c
fn=wmemcmp
29 4
fl=./wcsmbs/../sysdeps/x86_64/multiarch/wmemset.c
fn=wmemset
31 4
fl=???
fn=(below main)
0 12
fn=???
0 151110
fn=BlocQuant.isra.0
0 6928053
fn=InitElements.isra.0
0 410
fn=MDCT.constprop.1
0 3091616
fn=PsyInit
0 129
fn=PutBit.isra.0
0 412460
fn=Resample.constprop.0.isra.0
0 11484095
fn=SbrAnalyze.constprop.0
0 27651793
fn=SbrUpdate
0 292
fn=WriteICS
0 1288571
fn=WriteICSInfo
0 4663
fn=cli_progress_callback
0 1240
fn=cli_session_start_callback
0 13
fn=cli_summary_callback
0 17
fn=cmp_int
0 28
fn=cmp_int16
0 345
fn=compute_k2
0 797
fn=emit_sbr_payload
0 171826
fn=faacEncClose.part.0
0 163
fn=faacEncEncode
0 10489421
fn=faac_encoder_close
0 13
fn=faac_encoder_encode
0 3968
fn=faac_encoder_get_info
0 80
fn=faac_encoder_open
0 42480
fn=faac_get_library_info
0 120
fn=faac_params_init
0 56
fn=fft
0 21350160
fn=find_extension
0 24
fn=gain_with_overflow_clamp
0 76230
fn=get_wall_time_sec
0 2500
fn=main
0 14469
fn=parse_quality_or_bitrate
0 22
fn=quantize_sse2
0 325181
fn=seekchunk
0 62
fn=tns_fit_range
0 7640
fn=wav_open_read
0 165
fn=wav_read_float32
0 788968
summary: 88912850
