cmd: ./build_release/frontend/faac -v 0 --overwrite -q 100 /tmp/test_stereo_48k.wav -o /tmp/measure.aac
events: Ir
fl=./csu/../csu/libc-start.c
fn=__libc_start_main@@GLIBC_2.34
128 2
134 3
135 7
138 1
139 2
142 3
143 2
144 11
145 4
242 13
311 3
312 3
337 6
340 2
343 2
350 2
352 2
360 4
fl=./csu/../sysdeps/nptl/libc_start_call_main.h
fn=(below main)
29 9
44 3
46 2
51 2
52 2
55 2
58 6
74 2
fl=./csu/./csu/init-first.c
fn=_init_first
46 6
51 2
55 5
61 1
62 1
63 2
71 2
72 3
fl=./ctype/./ctype/ctype-info.c
fn=__ctype_init
29 1
31 7
33 4
35 4
36 1
fl=./debug/../sysdeps/x86_64/multiarch/ifunc-memmove.h
fn=__memcpy_chk
56 6
57 9
60 9
61 6
74 6
77 6
85 6
93 6
96 15
fn=__memmove_chk
56 2
57 3
60 3
61 2
74 2
77 2
85 2
93 2
96 5
fn=__mempcpy_chk
56 2
57 3
60 3
61 2
74 2
77 2
85 2
93 2
96 5
fl=./debug/../sysdeps/x86_64/multiarch/ifunc-memset.h
fn=__memset_chk
54 10
57 6
58 4
64 4
73 4
75 4
85 4
93 4
96 10
fl=./debug/../sysdeps/x86_64/multiarch/memcpy_chk.c
fn=__memcpy_chk
29 3
fl=./debug/../sysdeps/x86_64/multiarch/memmove_chk.c
fn=__memmove_chk
29 1
fl=./debug/../sysdeps/x86_64/multiarch/mempcpy_chk.c
fn=__mempcpy_chk
29 1
fl=./debug/../sysdeps/x86_64/multiarch/memset_chk.c
fn=__memset_chk
29 2
fl=./elf/../bits/stdlib-bsearch.h
fn=intel_check_word.constprop.0
27 96
28 48
29 744
31 648
32 348
35 264
37 120
fl=./elf/../elf/dl-tls.c
fn=_dl_add_to_slotinfo
1017 9
1023 1
1026 1
1027 1
1031 3
1065 2
1068 2
1069 3
1072 6
fn=_dl_allocate_tls_init
523 11
524 2
528 2
531 1
534 2
537 3
549 1
554 17
560 5
563 3
564 2
570 3
571 2
573 10
576 2
577 2
580 2
581 4
583 2
584 2
593 1
601 2
603 10
609 1
615 2
618 2
621 9
fn=_dl_allocate_tls_storage
365 1
369 1
370 1
371 2
374 1
380 2
417 7
419 1
430 1
431 1
432 2
440 6
441 1
445 305
464 1
470 7
fn=_dl_assign_tls_modid
125 4
128 2
141 1
181 1
183 1
186 1
187 2
fn=_dl_count_modids
192 1
194 2
195 1
210 2
fn=_dl_determine_tlsoffset
216 9
217 1
218 1
219 1
222 4
225 2
259 1
261 11
263 5
265 3
266 2
268 2
270 5
281 1
286 8
288 2
289 1
294 1
301 1
302 7
304 2
354 1
355 8
fn=_dl_tls_static_surplus_init
83 3
97 8
100 6
101 5
102 3
104 4
107 1
109 1
111 3
112 6
fl=./elf/../include/list.h
fn=__tls_init_tp
43 2
44 2
45 1
47 1
fl=./elf/../include/rtld-malloc.h
fn=__minimal_calloc
56 12
fn=_dl_allocate_tls_storage
44 2
56 1
fn=_dl_check_map_versions
44 15
fn=_dl_find_object_init
56 2
fn=_dl_get_origin
56 2
fn=_dl_important_hwcaps
56 4
fn=_dl_init_paths
56 5
fn=_dl_map_object_deps
56 10
fn=_dl_new_object
44 15
56 12
fn=decompose_rpath
50 2
56 1
fn=expand_dynamic_string_token
56 2
fn=fillin_rpath.isra.0
50 4
51 2
56 4
fn=init_tls
44 2
fn=open_path
56 3
fl=./elf/../include/scratch_buffer.h
fn=_dl_map_object_deps
77 2
78 1
85 3
131 16
fl=./elf/../misc/sbrk.c
fn=sbrk
37 6
40 1
58 2
62 2
78 5
fl=./elf/../nptl/nptl-stack.h
fn=__libc_early_init
61 8
fl=./elf/../sysdeps/generic/_itoa.h
fn=_dl_check_map_versions
76 18
fl=./elf/../sysdeps/generic/dl-cache.h
fn=_dl_load_cache_lookup
125 2
194 1
195 5
fl=./elf/../sysdeps/generic/dl-call_tls_init_tp.h
fn=init_tls
31 8
33 1
fl=./elf/../sysdeps/generic/dl-debug.h
fn=dl_main
29 4
30 1
fl=./elf/../sysdeps/generic/dl-hash.h
fn=__rtld_malloc_init_real
43 1
44 1
45 19
48 18
62 24
67 1
72 1
fl=./elf/../sysdeps/generic/dl-new-hash.h
fn=_dl_lookup_symbol_x
69 206
70 412
74 1386
77 2772
80 1273
81 2546
87 93
88 93
89 186
90 93
99 1180
101 1180
102 2360
104 1180
105 1180
fl=./elf/../sysdeps/generic/dl-protected.h
fn=do_lookup_x
29 772
fl=./elf/../sysdeps/generic/ldsodefs.h
fn=_dl_relocate_object
79 54
140 573
fn=_dl_start
79 6
fn=do_lookup_x
139 386
140 579
fl=./elf/../sysdeps/nptl/dl-mutex.c
fn=__rtld_mutex_init
30 7
37 1
40 7
44 2
45 9
47 6
51 2
52 7
53 6
fl=./elf/../sysdeps/nptl/dl-tls_init_tp.c
fn=__tls_init_tp
68 5
69 1
72 1
75 4
76 2
77 1
82 2
87 4
90 1
93 3
105 4
121 3
128 2
129 3
fn=__tls_pre_init_tp
53 3
56 10
61 2
62 1
64 1
fn=rtld_mutex_dummy
42 12
44 24
fl=./elf/../sysdeps/nptl/pthread_early_init.h
fn=__libc_early_init
33 6
34 1
38 5
45 2
46 1
48 2
52 5
53 1
54 1
56 1
fl=./elf/../sysdeps/posix/dl-fileid.h
fn=_dl_map_object_from_fd
37 16
40 16
49 34
fl=./elf/../sysdeps/unix/sysv/linux/brk.c
fn=brk
36 1
37 1
38 2
44 1
45 1
fl=./elf/../sysdeps/unix/sysv/linux/brk_call.h
fn=brk
24 2
fl=./elf/../sysdeps/unix/sysv/linux/dl-origin.c
fn=_dl_get_origin
31 9
36 7
38 5
41 6
42 30
43 4
44 2
45 2
50 6
74 7
fl=./elf/../sysdeps/unix/sysv/linux/dl-osinfo.h
fn=dl_main
39 2
52 1
fl=./elf/../sysdeps/unix/sysv/linux/dl-parse_auxv.h
fn=_dl_sysdep_parse_arguments
32 2
33 1
34 1
41 93
42 44
43 44
45 1
46 2
47 2
48 2
49 1
51 2
52 2
53 2
54 2
56 2
fl=./elf/../sysdeps/unix/sysv/linux/dl-sysdep.c
fn=_dl_sysdep_parse_arguments
78 7
79 2
80 2
81 3
82 47
83 97
86 2
90 56
93 5
94 2
95 3
96 6
fn=_dl_sysdep_start
102 6
103 1
106 2
110 2
113 1
115 2
122 3
123 2
125 5
137 3
140 5
143 4
fn=_dl_sysdep_start_cleanup
147 1
148 1
fl=./elf/../sysdeps/unix/sysv/linux/dl-vdso-setup.h
fn=dl_main
30 1
33 1
36 1
39 1
45 1
fl=./elf/../sysdeps/unix/sysv/linux/dl-vdso.h
fn=dl_main
40 2
41 5
55 2
fl=./elf/../sysdeps/unix/sysv/linux/rseq-internal.h
fn=__tls_init_tp
32 3
34 7
37 2
40 1
fl=./elf/../sysdeps/unix/sysv/linux/x86/dl-hwcap2.h
fn=update_active.constprop.0
25 2
fl=./elf/../sysdeps/unix/sysv/linux/x86/dl-minsigstacksize.h
fn=get_common_indices.constprop.0
24 2
27 2
28 2
65 3
72 1
74 1
fl=./elf/../sysdeps/x86/cpu-features.c
fn=get_common_indices.constprop.0
398 3
402 4
405 5
409 1
410 4
411 4
412 4
413 3
414 2
421 2
423 9
428 8
435 2
436 7
442 2
457 3
fn=init_cpu_features.constprop.0
376 3
377 2
378 6
383 2
384 6
389 2
390 7
682 8
685 1
686 1
687 1
690 1
699 3
702 6
703 1
706 2
708 6
713 1
715 3
717 9
721 7
774 3
781 2
799 1
832 2
866 4
869 2
870 1
878 2
885 2
887 2
891 2
897 2
899 1
1001 3
1002 2
1005 2
1006 2
1012 1
1013 1
1014 1
1015 2
1019 4
1022 4
1028 3
1041 2
1042 4
1081 1
1082 2
1086 3
1103 2
1104 2
1106 3
1107 2
1109 3
1110 2
1113 2
1127 4
1129 4
1135 4
1142 8
fn=update_active.constprop.0
72 8
76 1
84 3
85 3
86 1
94 4
95 1
103 4
104 1
109 4
112 4
113 1
116 5
117 2
121 5
122 3
123 3
124 2
128 5
129 5
130 3
132 2
133 4
147 2
151 7
152 4
154 3
158 4
161 1
164 2
166 2
170 1
171 1
178 4
180 5
186 4
188 5
190 4
195 5
244 3
245 3
261 4
277 2
281 2
282 1
285 4
289 2
293 3
294 2
296 1
297 1
300 2
302 1
305 2
356 5
360 3
369 1
370 8
fl=./elf/../sysdeps/x86/dl-cacheinfo.h
fn=get_common_cache_info.constprop.0
571 11
586 1
587 1
588 2
589 1
590 2
596 3
598 7
601 2
613 1
618 3
622 2
627 5
630 24
637 8
640 26
645 2
649 3
650 2
654 2
658 3
661 4
662 1
667 4
673 4
681 6
683 2
685 4
687 12
689 1
690 1
691 9
693 4
696 7
701 1
703 4
704 3
705 1
708 2
711 2
718 1
720 4
721 1
726 2
731 2
732 1
733 2
734 1
759 3
770 5
771 5
775 2
782 1
783 2
784 1
785 7
fn=handle_intel.constprop.0
250 108
255 24
261 12
262 12
267 48
271 24
276 24
279 60
281 24
284 60
286 24
305 96
fn=init_cpu_features.constprop.0
792 1
793 1
795 1
809 2
811 3
812 3
813 3
814 2
817 3
819 3
820 2
822 3
824 3
825 1
827 3
829 3
830 2
832 3
834 3
836 3
838 5
894 2
895 2
896 2
897 2
898 2
899 2
900 1
901 1
902 1
903 1
904 1
905 1
907 1
910 3
924 3
925 7
930 2
931 6
932 2
939 3
959 6
968 2
969 2
974 12
987 5
995 7
997 2
1000 5
1002 2
1005 5
1006 5
1010 6
1011 3
1017 7
1020 11
1021 10
1022 13
1025 10
1027 10
1040 4
1042 2
1043 2
1044 1
1045 1
1046 1
1047 1
fn=intel_check_word.constprop.0
110 648
113 324
119 216
123 48
125 12
129 120
131 144
133 60
135 120
143 120
152 12
155 138
158 99
162 58
164 189
167 120
168 72
169 60
170 48
172 11
174 22
176 12
177 16
178 12
179 20
180 14
181 12
183 8
184 12
187 21
190 2
194 192
202 168
216 48
246 144
fl=./elf/../sysdeps/x86/dl-get-cpu-features.c
fn=__x86_cpu_features
39 3
71 3
fn=_dl_x86_init_cpu_features
37 1
39 3
41 1
fl=./elf/../sysdeps/x86/dl-isa-level.h
fn=_dl_load_cache_lookup
28 12
fl=./elf/../sysdeps/x86/dl-procinfo.h
fn=_dl_load_cache_lookup
39 4
42 14
fl=./elf/../sysdeps/x86/dl-prop.h
fn=_dl_map_object_from_fd
149 16
fn=_dl_process_pt_gnu_property
95 32
102 16
115 16
118 8
252 6
253 3
254 10
255 5
257 32
258 2
260 8
fn=dl_main
36 2
37 21
40 9
49 34
53 28
71 2
149 4
235 4
236 2
fl=./elf/../sysdeps/x86/get-isa-level.h
fn=_dl_hwcaps_subdirs_active
30 4
31 1
32 3
36 3
39 4
40 4
45 4
48 2
51 5
53 4
54 2
55 2
58 4
fn=update_active.constprop.0
28 1
30 4
31 1
32 3
36 3
38 1
39 2
40 4
45 4
47 1
48 2
51 5
53 4
54 2
55 2
57 1
58 4
fl=./elf/../sysdeps/x86_64/dl-cet.c
fn=_dl_cet_check
145 2
157 2
173 1
179 1
275 2
276 1
277 2
282 4
283 3
285 2
293 5
296 1
300 2
301 1
302 2
303 2
304 2
305 2
308 1
310 1
313 2
361 8
363 6
fn=_dl_cet_setup_features
331 1
334 2
350 1
fl=./elf/../sysdeps/x86_64/dl-hwcaps-subdirs.c
fn=_dl_hwcaps_subdirs_active
29 1
38 3
43 1
48 1
52 1
fl=./elf/../sysdeps/x86_64/dl-irel.h
fn=_dl_fixup
32 10
fl=./elf/../sysdeps/x86_64/dl-machine.h
fn=_dl_fixup
234 18
fn=_dl_relocate_object
81 24
87 4
91 3
97 1
108 3
129 2
132 2
134 4
267 412
274 412
278 412
287 2044
290 439
291 136
292 772
295 24
296 36
307 24
314 60
317 1236
320 88
323 88
393 30
400 51
402 68
406 51
415 34
423 380
436 7
476 136
478 68
479 68
498 426
499 142
503 284
504 284
514 50
518 50
521 75
522 25
730 12
734 8
fn=_dl_start
55 1
278 9
287 27
290 6
291 12
317 8
323 2
fn=_dl_sysdep_start
220 1
fl=./elf/../sysdeps/x86_64/dl-runtime.h
fn=_dl_fixup
28 18
fl=./elf/../sysdeps/x86_64/dl-trampoline.h
fn=_dl_runtime_resolve_xsave
71 18
76 18
79 18
81 18
91 18
97 18
98 18
99 18
100 18
101 18
102 18
103 18
107 18
108 18
111 18
112 18
114 18
115 18
116 18
117 18
118 18
119 18
121 18
128 18
129 18
130 18
131 18
136 18
137 18
138 18
140 18
141 18
142 18
143 18
144 18
145 18
146 18
148 18
150 18
154 18
156 18
fl=./elf/./dl-find_object.h
fn=_dl_find_object_from_map
95 12
96 12
97 6
103 30
104 171
105 118
107 18
112 6
fl=./elf/./dl-hwcaps.h
fn=_dl_important_hwcaps
43 9
45 7
46 1
77 8
78 8
79 7
fl=./elf/./dl-load.h
fn=_dl_map_object_from_fd
91 32
92 12
93 15
94 12
96 12
fl=./elf/./dl-main.h
fn=dl_main
109 5
fl=./elf/./dl-map-segments.h
fn=_dl_map_object_from_fd
28 12
29 36
81 4
101 4
102 12
105 12
106 8
108 8
125 4
135 96
137 48
139 120
149 64
155 8
156 4
157 12
158 8
160 8
165 8
168 12
176 28
182 8
186 16
189 4
194 16
fl=./elf/./dl-sym-post.h
fn=lookup_malloc_symbol
41 8
53 12
fl=./elf/./dl-tunable-types.h
fn=__GI___tunable_set_val
84 5
fl=./elf/./elf/dl-audit.c
fn=_dl_audit_activity_map
29 7
30 1
31 3
37 6
fn=_dl_audit_activity_nsid
41 3
45 12
46 3
47 15
fn=_dl_audit_objclose
97 6
98 24
fn=_dl_audit_objopen
77 4
78 16
fn=_dl_audit_preinit
118 1
119 4
fl=./elf/./elf/dl-cache.c
fn=_dl_cache_libcmp
357 40
358 216
360 288
362 100
368 8
369 6
370 84
372 84
374 4
380 188
382 188
383 54
386 76
387 76
390 26
fn=_dl_load_cache_lookup
191 36
205 2
208 16
210 20
211 4
213 10
220 42
222 110
223 36
227 54
231 54
232 36
240 8
242 4
245 4
247 12
249 2
259 4
269 6
270 8
286 14
295 4
298 4
301 2
302 6
330 4
346 16
347 6
349 10
403 20
405 4
408 6
411 5
419 5
420 8
423 6
424 1
431 1
432 2
477 3
482 6
485 6
500 4
512 6
513 30
514 8
515 2
516 16
fn=_dl_unload_cache
525 3
526 4
528 2
529 1
533 1
535 2
fl=./elf/./elf/dl-call-libc-early-init.c
fn=_dl_call_libc_early_init
27 7
29 2
33 5
37 2
39 4
40 2
41 3
fl=./elf/./elf/dl-call_fini.c
fn=_dl_call_fini
24 48
28 12
32 6
34 6
35 12
38 8
39 12
42 32
43 4
47 6
48 12
49 12
50 32
fl=./elf/./elf/dl-catch.c
fn=_dl_catch_error
254 12
256 2
257 2
258 2
259 2
261 6
fn=_dl_catch_exception
58 24
59 16
69 16
70 40
204 64
207 16
214 8
228 8
229 16
235 48
237 24
239 32
248 24
fn=_dl_receive_error
58 2
59 1
69 2
70 2
186 7
188 1
192 1
194 1
197 1
198 4
fl=./elf/./elf/dl-debug.c
fn=_dl_debug_initialize
56 3
57 1
59 2
61 2
63 3
64 1
85 3
90 3
91 2
92 1
95 3
96 6
99 2
107 2
fn=_dl_debug_state
116 2
117 2
fn=_dl_debug_update
38 5
40 10
41 5
44 10
48 5
fl=./elf/./elf/dl-deps.c
fn=_dl_map_object_deps
128 3
129 5
130 6
132 3
136 8
143 13
144 20
160 9
161 1
164 1
182 1
183 6
184 1
188 13
190 22
193 6
197 18
198 39
201 16
205 8
208 20
210 16
215 4
216 4
217 8
218 8
219 4
221 500
222 236
228 68
230 7
232 28
233 14
242 7
244 14
249 28
252 4
253 4
254 4
255 8
256 4
257 4
259 16
263 21
264 15
266 333
417 12
419 20
422 8
423 16
429 4
430 20
431 20
434 4
435 8
439 18
441 6
442 27
448 5
449 1
452 4
463 5
465 4
470 5
471 1
472 2
474 22
478 6
483 12
485 18
490 6
494 2
495 3
532 2
533 2
547 9
552 9
553 5
557 1
559 2
560 1
561 3
568 3
571 2
574 8
fn=openaux
61 42
64 77
65 7
68 7
69 21
fl=./elf/./elf/dl-environ.c
fn=_dl_next_ld_env_entry
28 3
29 3
32 145
34 94
35 18
37 2
40 4
42 2
45 45
fl=./elf/./elf/dl-find_object.c
fn=_dl_find_object_init
561 5
564 1
566 2
567 3
579 2
580 3
582 2
585 2
590 1
591 1
594 3
596 2
599 6
601 1
604 4
fn=_dlfo_process_initial
474 8
475 2
477 2
478 4
504 24
505 30
506 12
508 44
511 40
513 30
515 10
516 10
517 20
529 2
531 8
fn=_dlfo_sort_mappings
536 1
537 2
540 20
544 8
545 50
546 50
548 4
549 4
553 16
554 20
555 8
557 1
fl=./elf/./elf/dl-fini.c
fn=_dl_fini
26 11
43 1
46 13
49 2
51 1
54 2
56 5
61 1
63 4
68 18
73 22
75 12
77 12
79 12
80 6
81 6
85 6
87 6
88 6
94 6
103 2
108 36
110 6
112 12
114 24
117 12
122 6
126 5
132 6
134 1
138 2
145 8
fl=./elf/./elf/dl-hwcaps.c
fn=_dl_important_hwcaps
52 16
54 2
55 4
56 2
57 2
77 16
80 16
84 2
86 6
87 2
88 2
100 5
102 3
105 1
108 1
112 5
125 12
127 10
128 4
129 4
130 2
133 3
142 13
143 11
145 8
151 5
155 4
156 3
157 3
161 1
162 2
163 2
172 14
174 2
175 3
185 2
186 3
189 3
193 2
194 2
201 1
202 5
208 2
209 1
213 3
216 9
fl=./elf/./elf/dl-hwcaps_split.c
fn=_dl_hwcaps_split
25 5
26 3
27 1
47 4
fn=_dl_hwcaps_split_masked
26 44
30 24
34 78
35 12
36 24
41 36
42 18
43 12
45 6
51 110
55 5
56 18
57 27
58 24
60 6
62 88
67 12
fl=./elf/./elf/dl-init.c
fn=_dl_init
29 14
35 35
37 36
81 13
82 1
83 1
86 3
89 2
94 4
119 1
120 28
121 12
127 8
fn=call_init.part.0
26 72
43 18
46 18
47 2
51 10
59 15
60 18
63 5
64 10
70 12
72 8
73 40
74 20
76 48
fl=./elf/./elf/dl-load.c
fn=_dl_dst_count
238 63
241 14
244 14
245 7
264 63
fn=_dl_dst_substitute
276 12
283 1
285 1
289 27
294 12
295 6
317 3
322 3
332 3
334 4
335 3
351 22
354 36
365 2
372 1
374 1
375 9
fn=_dl_init_paths
706 13
720 4
725 1
727 3
734 3
735 2
739 4
741 4
747 1
748 1
756 8
758 8
759 4
761 5
762 7
763 4
766 13
767 10
768 18
770 32
776 1
777 1
782 1
785 3
787 4
789 3
793 4
794 5
795 2
799 1
802 1
825 5
827 23
831 2
832 60
833 14
834 28
836 1
837 1
838 2
844 6
847 3
853 1
857 8
fn=_dl_map_object
682 19
685 8
688 6
691 2
692 1
696 5
1967 96
1969 4
1975 16
1976 32
1979 160
1984 196
1986 140
1990 48
1991 72
1994 55
1995 33
1996 55
2010 16
2011 12
2019 12
2034 4
2036 20
2040 12
2042 6
2049 12
2053 1
2054 1
2058 6
2059 2
2073 5
2074 7
2075 1
2084 2
2099 6
2100 44
2106 9
2107 3
2109 30
2113 4
2115 2
2129 4
2131 6
2135 6
2137 4
2141 4
2149 4
2172 18
2176 6
2177 2
2194 6
2200 1
2201 4
2202 2
2203 2
2207 9
2210 3
2222 16
2267 8
2268 70
2270 76
fn=_dl_map_object_from_fd
944 56
959 16
989 70
990 28
1008 8
1036 16
1046 8
1053 32
1054 8
1065 8
1066 12
1067 8
1069 12
1070 16
1071 6
1074 17
1075 6
1086 4
1088 4
1090 88
1091 4
1092 4
1093 4
1094 4
1100 165
1101 405
1107 8
1114 9
1115 12
1116 40
1121 2
1122 1
1127 124
1135 80
1136 104
1137 80
1138 16
1139 32
1141 112
1143 32
1156 32
1157 60
1162 16
1163 164
1176 3
1180 4
1181 1
1185 5
1186 2
1189 1
1194 4
1209 8
1210 4
1213 12
1218 28
1228 76
1229 32
1235 8
1245 16
1252 28
1264 4
1268 16
1269 12
1275 10
1276 8
1278 8
1288 12
1307 12
1309 24
1361 12
1362 2
1368 134
1369 219
1375 63
1380 16
1393 8
1395 16
1397 8
1413 8
1417 8
1418 8
1435 8
1436 1
1439 8
1444 8
1449 8
1461 32
1462 9
1463 18
1464 6
1465 5
1471 8
1472 4
1477 2
1484 12
1487 8
1491 12
1492 12
1510 8
1514 28
1515 16
1519 36
fn=_dl_process_pt_gnu_property
868 15
869 10
870 5
876 10
882 25
885 15
886 10
887 10
890 15
891 15
895 5
896 10
900 16
901 8
904 16
907 8
908 32
918 15
920 20
fn=decompose_rpath
580 12
582 1
591 3
622 2
629 2
630 2
637 2
638 76
640 72
644 1
646 2
654 8
661 3
668 1
670 1
671 1
672 8
fn=expand_dynamic_string_token
239 3
241 9
244 6
251 1
253 5
256 1
259 4
261 2
385 30
398 2
399 4
402 27
405 1
406 2
409 3
410 21
fn=fillin_rpath.isra.0
468 34
472 2
474 24
481 4
483 12
487 4
492 6
493 4
500 10
505 4
509 33
510 18
528 12
532 8
534 4
538 2
539 4
540 8
541 2
543 4
544 1
549 8
550 28
551 8
553 4
554 6
555 6
556 1
561 4
562 2
565 6
571 2
574 16
fn=is_dst
202 16
206 4
215 6
216 12
218 12
229 14
fn=open_path
1812 55
1813 10
1816 5
1817 5
1819 10
1822 8
1824 110
1827 10
1831 5
1835 30
1842 30
1843 107
1846 30
1851 99
1854 18
1860 27
1863 72
1865 27
1867 12
1868 4
1872 10
1873 35
1879 15
1881 40
1882 2
1884 5
1891 44
1893 16
1918 1
1919 3
1921 3
1922 1
1937 32
1941 4
1943 16
1946 12
1960 45
fn=open_verify.constprop.0
1572 144
1604 36
1609 16
1623 60
1625 24
1633 4
1634 12
1639 24
1641 8
1643 8
1645 8
1651 8
1668 58
1749 8
1754 8
1760 16
1766 8
1772 16
1773 16
1777 16
1778 5
1799 108
fl=./elf/./elf/dl-lookup-direct.c
fn=_dl_lookup_direct
32 15
33 9
35 6
36 6
48 9
51 6
53 21
57 9
58 21
59 15
74 39
76 6
78 21
79 6
81 12
84 25
86 12
93 6
115 3
116 27
fl=./elf/./elf/dl-lookup.c
fn=_dl_lookup_symbol_x
772 2678
774 412
775 824
778 206
782 778
785 412
787 412
791 2949
792 3502
797 1030
799 78
816 206
817 39
820 412
821 1335
828 245
856 772
870 579
871 2
873 386
890 772
892 1854
fn=check_match
70 2985
73 1592
78 12
86 975
89 1164
93 195
94 390
96 370
115 370
116 1480
117 915
118 4
119 4
144 20
146 60
147 40
161 193
162 1592
fn=do_lookup_x
347 2884
348 206
353 206
354 206
358 1802
361 1802
365 2214
386 1802
390 1802
396 2703
400 901
401 901
404 4505
405 2703
408 901
409 1802
411 901
412 618
413 1802
415 1442
416 3604
419 6307
422 410
423 615
424 410
426 404
429 2165
431 597
432 5008
433 398
436 597
439 732
461 1544
470 72
476 386
483 1396
487 111
499 386
500 193
501 193
518 2124
521 13
522 1648
fl=./elf/./elf/dl-minimal-malloc.c
fn=__minimal_calloc
80 60
84 12
87 12
88 36
fn=__minimal_free
97 3
99 12
fn=__minimal_malloc
36 312
37 117
42 3
43 2
44 2
48 155
51 265
56 8
57 8
59 2
60 16
62 4
64 8
65 6
67 6
70 39
71 41
73 234
fl=./elf/./elf/dl-minimal.c
fn=__rtld_malloc_init_real
76 10
86 2
87 1
89 1
91 6
92 5
93 5
94 4
99 1
100 1
101 1
102 1
103 8
fn=__rtld_malloc_init_stubs
42 1
43 2
44 2
45 2
46 2
47 1
fn=lookup_malloc_symbol
61 36
63 4
64 28
68 28
69 28
71 4
72 24
fn=strsep
239 4
242 8
244 4
245 8
247 4
249 106
251 64
254 92
256 138
264 32
267 2
271 8
fl=./elf/./elf/dl-misc.c
fn=_dl_name_match_p
68 399
69 228
70 10
72 57
74 228
75 335
80 57
82 47
83 228
fn=_dl_sysdep_read_whole_file
36 11
39 3
40 2
42 6
44 2
47 2
49 8
60 3
63 8
fl=./elf/./elf/dl-object.c
fn=_dl_add_to_namespace_list
31 45
33 15
35 44
38 56
40 4
42 4
45 2
46 15
47 10
48 10
50 10
51 25
fn=_dl_new_object
59 75
62 10
64 2
66 3
67 2
71 6
77 2
80 8
83 21
87 8
92 4
95 10
98 5
99 5
100 10
103 10
104 35
106 5
119 23
123 4
125 1
127 35
130 10
131 10
132 5
136 5
139 38
141 20
149 10
150 5
153 1
155 30
157 16
160 12
164 20
168 28
176 1
179 10
189 20
191 16
195 12
199 8
200 8
208 4
212 4
245 16
250 134
251 134
255 8
256 4
259 4
263 45
fl=./elf/./elf/dl-reloc.c
fn=_dl_relocate_object
170 1096
171 382
174 2032
175 84
177 7
178 28
182 368
183 184
184 184
186 1478
187 890
188 356
190 1371
193 184
194 1288
196 7
207 77
208 14
220 12
221 18
224 24
226 18
228 6
229 18
251 30
252 12
253 3
255 12
262 18
301 10213
304 30
328 6
331 12
348 18
350 56
356 36
359 12
363 12
364 36
fl=./elf/./elf/dl-runtime.c
fn=_dl_fixup
46 198
48 90
49 54
54 18
55 72
56 126
58 36
63 36
67 36
69 18
71 54
75 54
76 72
77 54
84 18
85 54
95 198
99 90
109 180
124 72
125 20
133 54
159 54
163 144
fl=./elf/./elf/dl-setup_hash.c
fn=_dl_setup_hash
25 12
28 18
31 18
32 12
33 6
34 6
36 18
37 6
38 18
40 6
41 12
43 6
45 18
50 6
fl=./elf/./elf/dl-sort-maps.c
fn=_dl_sort_maps
140 54
181 2
182 4
183 46
184 24
211 34
216 4
218 2
219 10
221 38
223 12
226 34
244 8
263 8
276 8
283 2
298 26
306 6
310 18
fn=_dl_sort_maps_init
289 4
290 4
291 1
292 3
293 2
fn=dfs_traversal.part.0
135 108
140 48
143 12
145 36
147 134
156 42
171 36
172 12
173 78
fl=./elf/./elf/dl-tunables.c
fn=__GI___tunable_set_val
72 50
82 5
93 40
94 25
97 10
100 35
104 10
111 10
112 10
115 25
116 5
117 5
118 5
153 30
157 15
fn=__GI___tunables_init
42 240
45 47
48 3829
52 94
56 188
128 1
261 10
267 4
281 7708
283 2
287 13959
304 8
fn=__tunable_get_val
387 74
390 438
399 48
400 14
409 29
416 222
418 37
fl=./elf/./elf/dl-tunables.h
fn=__GI___tunable_set_val
141 10
142 10
151 5
fn=__GI___tunables_init
160 970
161 2235
fl=./elf/./elf/dl-version.c
fn=_dl_check_all_versions
392 7
394 1
396 23
397 6
398 54
401 7
fn=_dl_check_map_versions
36 94
37 23
38 151
56 88
64 66
70 66
86 22
87 44
89 22
94 734
108 624
110 22
113 176
120 870
124 290
155 60
156 6
164 10
170 18
172 30
174 6
175 6
177 12
180 12
184 32
198 2
200 18
208 18
213 18
215 16
217 88
218 172
221 44
224 66
225 5
228 14
231 88
234 66
239 16
243 18
248 2
257 25
260 6
263 269
266 201
270 62
274 15
279 5
280 20
281 15
291 5
294 27
296 10
299 16
301 2
303 18
306 66
308 88
310 110
311 44
312 66
313 66
316 66
321 16
324 18
329 2
334 10
337 6
341 62
343 130
347 62
348 310
349 186
350 62
353 195
357 62
365 6
366 8
367 8
368 4
370 4
372 124
373 60
375 2
376 7
387 54
fl=./elf/./elf/do-rel.h
fn=_dl_relocate_object
49 36
50 36
51 6
53 60
72 6
73 7
80 36
83 83
85 100
96 6
97 2
114 33
123 451
124 284
126 33
129 36
131 1119
133 1340
134 1072
135 804
136 1072
138 804
141 272
142 68
143 68
147 200
150 617
151 264
164 20
165 285
166 252
169 204
171 272
172 68
173 136
180 31
182 42
183 12
185 18
193 6
196 18
211 7
fn=_dl_start
49 6
50 4
51 1
53 10
56 4
61 13
63 9
64 6
65 3
fl=./elf/./elf/get-dynamic-info.h
fn=_dl_map_object_from_fd
39 8
43 4
45 440
49 214
51 56
52 28
53 6
54 92
55 76
56 20
59 16
62 16
64 16
68 107
72 16
84 14
85 16
86 16
87 16
88 14
89 15
90 15
91 16
103 32
110 13
115 6
122 6
123 12
129 12
130 6
147 12
152 4
154 4
156 4
158 4
159 4
162 12
164 9
165 6
174 6
175 9
180 6
181 6
184 8
fl=./elf/./elf/libc_early_init.c
fn=__libc_early_init
33 9
35 1
38 2
41 2
47 4
49 2
fl=./elf/./elf/rtld.c
fn=_dl_start
85 8
458 2
476 3
477 1
478 2
488 1
494 4
496 2
517 16
543 1
546 2
547 4
563 190
565 1
578 1
585 9
fn=dl_main
85 17
92 12
93 2
101 9
197 2
199 1
224 3
225 5
226 4
296 3
302 1
303 1
837 1
839 1
848 1
850 1
855 1
1115 1
1116 1
1118 1
1122 3
1124 1
1125 1
1140 1
1143 46
1144 117
1148 3
1153 3
1154 9
1163 2
1164 2
1166 1
1173 3
1191 2
1199 8
1200 17
1201 8
1202 1
1204 12
1205 14
1209 8
1210 8
1211 4
1215 12
1243 2
1247 3
1253 28
1254 61
1260 17
1266 4
1269 3
1271 3
1346 13
1351 1
1352 1
1357 1
1373 3
1374 4
1637 10
1639 2
1640 3
1641 2
1642 3
1646 2
1647 2
1672 3
1673 5
1674 3
1675 3
1678 1
1680 1
1681 1
1683 2
1684 2
1688 2
1690 2
1698 4
1705 2
1708 2
1733 4
1735 1
1740 2
1743 4
1744 4
1745 3
1746 1
1747 1
1748 1
1759 2
1760 2
1762 2
1764 1
1765 3
1770 5
1771 5
1773 3
1779 2
1788 2
1792 1
1793 2
1817 2
1823 1
1824 1
1825 1
1829 3
1834 3
1836 1
1838 2
1842 5
1847 2
1863 6
1939 4
1943 19
1944 1
1947 3
1948 1
1949 2
1950 2
1955 3
1965 9
1971 27
1972 16
1975 3
1976 2
1977 1
1979 22
1980 10
1984 2
1990 1
1992 3
1993 2
1995 2
1997 3
1999 3
2000 1
2001 2
2013 2
2014 2
2015 3
2026 5
2027 4
2028 5
2038 2
2039 2
2040 4
2042 2
2047 3
2246 3
2250 3
2256 2
2259 2
2267 2
2279 3
2282 3
2284 3
2285 6
2292 2
2293 27
2295 12
2300 12
2302 14
2304 1
2305 1
2308 6
2310 12
2311 40
2315 14
2316 3
2325 2
2329 4
2331 1
2338 4
2341 2
2345 3
2347 2
2357 1
2362 3
2365 1
2371 1
2372 5
2380 3
2387 1
2390 3
2394 3
2395 1
2396 1
2397 1
2401 1
2406 8
2538 1
2598 1
2600 2
2602 15
2604 2
2606 107
2607 19
2615 13
2640 2
2650 4
2652 2
2653 1
2687 5
2689 2
2690 2
2691 1
2727 5
2749 3
fn=handle_preload_list
183 3
806 1
810 2
811 2
812 1
814 1
816 6
817 3
825 3
869 13
870 3
874 5
877 4
878 3
880 4
881 2
887 1
889 2
891 2
892 1
895 9
fn=init_tls
734 4
736 2
740 3
746 2
749 1
750 1
751 1
755 1
757 1
761 2
762 2
763 16
764 6
765 12
769 3
771 1
773 3
776 2
779 1
786 2
787 2
793 2
797 1
800 5
fn=map_doit
641 6
643 4
644 6
646 3
fn=version_check_doit
674 6
676 6
680 3
fl=./elf/./get-dynamic-info.h
fn=_dl_start
45 75
49 36
51 10
52 5
54 20
55 16
56 5
59 4
62 4
64 4
68 18
72 3
84 4
85 3
86 4
87 4
88 5
89 3
90 4
91 4
103 10
110 3
123 3
129 3
130 3
133 2
134 3
139 5
142 5
fn=dl_main
39 4
43 1
45 115
49 56
51 12
52 6
54 25
55 21
56 5
59 4
62 4
64 4
68 28
72 7
84 3
85 5
86 5
87 5
88 4
89 5
90 5
91 5
103 9
110 3
115 2
122 3
123 4
129 3
147 4
152 2
154 2
156 2
158 2
159 2
162 4
164 3
165 2
174 2
175 3
180 2
181 3
184 3
186 1
fl=./elf/./setup-vdso.h
fn=dl_main
24 2
fl=./iconv/../sysdeps/unix/sysv/linux/not-cancel.h
fn=__gconv_load_cache
75 2
fl=./iconv/./iconv/gconv_cache.c
fn=__gconv_compare_alias_cache
223 10
227 3
230 6
231 5
234 4
236 1
237 9
fn=__gconv_load_cache
49 9
56 3
57 2
61 5
62 2
67 5
70 3
78 1
80 7
81 2
113 1
114 2
115 4
116 3
117 3
118 2
119 1
121 3
122 3
139 1
140 9
fn=find_module_idx
145 20
154 2
155 4
157 2
159 4
160 8
161 10
163 6
164 26
165 12
166 44
168 6
172 2
173 12
177 16
fl=./iconv/./iconv/gconv_conf.c
fn=__gconv_load_conf
527 1
528 3
fn=__gconv_read_conf
463 9
464 4
468 3
471 2
514 11
fl=./iconv/./iconv/gconv_db.c
fn=__gconv_compare_alias
688 14
692 1
694 6
698 1
699 11
fl=./intl/../bits/stdlib-bsearch.h
fn=_nl_expand_alias
27 2
29 12
31 12
32 18
34 12
35 11
36 1
37 1
fl=./intl/../intl/l10nflist.c
fn=_nl_make_l10nflist
73 4
74 59
76 24
77 24
79 12
96 35
98 14
99 14
101 14
140 24
141 20
142 16
143 12
157 119
166 42
167 21
169 21
171 51
173 51
175 42
176 21
178 14
188 14
189 14
191 21
194 1
196 21
198 6
199 9
201 21
203 6
204 9
206 21
212 14
213 21
217 14
218 46
219 18
221 12
222 12
225 4
232 1
235 15
237 6
242 12
243 12
244 16
245 8
251 12
255 4
256 48
258 4
260 8
262 6
263 6
267 3
268 1
275 16
276 33
277 20
284 5
285 80
290 24
292 16
300 4
302 18
303 63
fn=_nl_normalize_codeset
311 18
312 2
313 2
323 34
324 46
326 8
328 8
329 20
332 12
334 4
341 30
342 40
343 24
344 16
345 4
347 2
351 12
fl=./intl/../string/argz.h
fn=_nl_make_l10nflist
138 25
139 15
141 15
144 15
fl=./intl/../string/bits/string_fortified.h
fn=_nl_make_l10nflist
29 35
fn=read_alias_file
29 315
fl=./intl/./intl/explodename.c
fn=_nl_explode_name
46 22
47 1
58 11
62 1
63 1
64 1
65 1
69 1
70 1
73 2
91 4
94 1
95 4
97 14
98 10
102 2
104 3
105 4
106 2
108 9
111 1
116 5
126 3
129 5
133 9
fl=./intl/./intl/hash-string.c
fn=__hash_string
32 2
37 2
38 54
40 14
41 28
43 42
45 4
46 2
fl=./intl/./intl/localealias.c
fn=_nl_expand_alias
146 10
149 1
152 4
154 2
155 3
163 6
164 1
181 15
185 4
189 22
190 87
191 17
193 2
194 3
199 4
202 9
413 24
fn=alias_compare
411 120
413 480
fn=read_alias_file
207 11
213 17
215 7
225 4
230 2
235 5
238 1
239 167
254 498
259 328
261 82
263 512
264 4
267 328
269 45
270 1665
271 288
274 90
277 856
278 160
280 90
282 45
283 4050
284 630
286 90
291 90
308 225
312 225
313 180
315 407
326 2
327 8
328 8
329 55
330 4
333 16
337 3
339 2
344 2
345 4
348 225
349 90
353 45
354 135
356 90
360 135
361 135
368 164
380 2
382 2
383 5
387 12
396 4
397 3
399 2
403 1
404 3
fl=./io/../sysdeps/unix/sysv/linux/access.c
fn=access
25 1
27 7
31 1
fl=./io/../sysdeps/unix/sysv/linux/close_nocancel.c
fn=__GI___close_nocancel
25 5
26 20
27 5
fn=__close_nocancel
25 6
26 24
27 6
fl=./io/../sysdeps/unix/sysv/linux/fstat64.c
fn=fstat
30 11
39 44
72 11
fl=./io/../sysdeps/unix/sysv/linux/fstatat64.c
fn=fstatat
91 10
146 10
160 8
161 19
162 1
fl=./io/../sysdeps/unix/sysv/linux/lseek64.c
fn=lseek
28 1
40 4
42 1
fl=./io/../sysdeps/unix/sysv/linux/open64.c
fn=open
30 24
33 10
36 5
37 1
41 18
43 16
fl=./io/../sysdeps/unix/sysv/linux/open64_nocancel.c
fn=__open_nocancel
28 92
31 126
39 155
41 51
fl=./io/../sysdeps/unix/sysv/linux/pread64_nocancel.c
fn=__pread64_nocancel
25 4
26 8
27 2
fl=./io/../sysdeps/unix/sysv/linux/read.c
fn=read
25 237
26 1422
27 237
fl=./io/../sysdeps/unix/sysv/linux/read_nocancel.c
fn=__read_nocancel
25 8
26 32
27 8
fl=./io/../sysdeps/unix/sysv/linux/stat64.c
fn=stat
28 10
29 20
fl=./io/../sysdeps/unix/sysv/linux/write.c
fn=write
25 10
26 60
27 10
fl=./libio/../libio/libioP.h
fn=_IO_seekoff_unlocked
1025 3
1026 2
fl=./libio/../string/bits/string_fortified.h
fn=_IO_file_xsgetn
29 714
fn=_IO_getline_info
29 418
fl=./libio/./libio/filedoalloc.c
fn=_IO_file_doallocate
78 33
84 27
86 12
97 12
101 9
102 6
104 12
105 3
106 27
fl=./libio/./libio/fileops.c
fn=_IO_do_write@@GLIBC_2.2.5
424 121
426 73
427 81
434 20
441 40
444 10
449 50
450 50
452 30
453 20
454 10
455 30
456 50
fn=_IO_file_close
1165 3
1168 6
fn=_IO_file_close_it@@GLIBC_2.2.5
128 21
130 9
133 6
134 9
135 9
137 3
139 6
142 21
145 9
153 15
154 12
157 6
158 3
159 3
160 3
162 6
163 21
fn=_IO_file_finish@@GLIBC_2.2.5
168 18
169 6
175 9
176 9
fn=_IO_file_fopen@@GLIBC_2.2.5
213 36
214 2
222 6
224 24
227 2
228 4
247 94
268 1
269 1
271 1
272 4
273 2
281 15
284 6
287 12
288 6
357 36
fn=_IO_file_open
182 36
184 6
185 6
188 4
189 6
191 3
192 18
195 9
205 6
206 3
207 18
fn=_IO_file_overflow@@GLIBC_2.2.5
732 80
733 40
740 48
743 2
745 2
746 6
755 3
764 3
765 1
766 1
767 1
768 1
769 3
771 3
772 5
775 20
776 20
777 19
788 50
fn=_IO_file_read
1131 241
1133 245
1134 719
fn=_IO_file_seek
1140 1
1141 2
fn=_IO_file_seekoff@@GLIBC_2.2.5
849 3
901 13
909 3
915 4
918 4
930 2
943 2
947 3
949 3
1035 2
1036 5
1037 2
1039 2
1040 1
1041 4
1055 11
fn=_IO_file_stat
1147 3
1148 6
fn=_IO_file_underflow@@GLIBC_2.2.5
462 2410
466 723
467 4
469 482
475 723
478 482
481 3
486 2
490 484
506 482
512 1446
517 1205
519 482
522 14
526 239
532 2
535 717
536 470
537 478
538 1928
fn=_IO_file_write@@GLIBC_2.2.5
1174 80
1175 20
1176 60
1180 30
1181 30
1182 20
1187 10
1188 10
1190 30
1191 30
1194 60
fn=_IO_file_xsgetn
1273 2868
1280 478
1283 3
1288 3
1291 1671
1293 1425
1294 950
1297 238
1302 474
1304 940
1305 235
1306 235
1310 474
1319 711
1320 948
1322 948
1360 2
1361 1912
fn=_IO_file_xsputn@@GLIBC_2.2.5
1198 2124
1200 1
1204 944
1205 236
1211 944
1213 472
1228 708
1229 470
1234 470
1236 1175
1237 235
1238 705
1240 470
1244 60
1250 20
1251 50
1253 30
1264 20
1265 40
1267 30
1268 2124
fn=_IO_new_file_init_internal
106 18
110 3
111 3
113 3
114 3
115 9
fl=./libio/./libio/fseek.c
fn=fseek
32 11
35 12
36 9
39 7
fl=./libio/./libio/genops.c
fn=_IO_cleanup
776 6
777 10
780 13
784 3
785 36
792 7
794 6
814 3
816 29
817 3
821 7
822 2
842 12
843 2
855 12
fn=_IO_default_finish
54 6
601 18
603 9
609 9
612 9
624 9
fn=_IO_default_uflow
361 24
362 12
363 8
365 12
366 16
fn=_IO_default_xsputn
371 110
373 20
374 40
375 10
379 40
381 10
382 20
384 20
386 36
387 18
389 4
393 15
394 8
395 4
397 10
399 20
404 80
fn=_IO_doallocbuf
343 24
344 6
346 9
347 15
350 18
fn=_IO_flush_all
686 12
687 3
691 6
692 9
695 12
697 3
698 36
700 21
708 33
709 3
713 7
714 2
718 12
fn=_IO_link_in
87 42
88 30
90 6
92 21
93 27
94 3
95 27
97 6
98 3
100 15
101 3
102 18
103 6
106 57
fn=_IO_no_init
563 33
564 3
565 3
566 6
568 3
572 18
579 3
581 3
587 3
588 18
fn=_IO_old_init
531 3
532 6
534 18
539 21
544 3
550 6
555 9
556 6
558 3
fn=_IO_setb
329 66
330 30
331 3
332 6
333 6
335 42
338 36
fn=_IO_sgetn
409 1195
411 717
412 478
fn=_IO_switch_to_get_mode
164 1446
165 723
168 723
172 482
173 482
176 241
178 482
180 482
181 241
182 964
fn=_IO_un_link
53 6
54 12
82 6
fn=_IO_unsave_markers
937 24
939 8
944 12
946 12
fn=__GI__IO_un_link.part.0
52 30
58 18
59 30
60 3
61 30
63 10
65 6
66 9
74 6
76 22
77 3
78 20
79 6
82 27
fn=__uflow
173 4
299 24
300 20
305 12
308 12
310 8
316 8
321 12
323 16
324 12
fn=__underflow
173 237
269 1422
270 1184
275 711
278 711
280 474
286 474
291 711
293 948
294 711
fl=./libio/./libio/iofclose.c
fn=fclose@@GLIBC_2.2.5
34 24
48 9
49 3
51 29
52 6
53 9
57 12
58 9
71 6
76 21
fl=./libio/./libio/iofgets_u.c
fn=fgets_unlocked
32 664
37 166
39 166
50 332
51 166
52 581
55 413
56 83
59 82
60 82
62 330
64 581
fl=./libio/./libio/iofopen.c
fn=fopen@@GLIBC_2.2.5
37 6
65 6
67 9
70 6
72 21
73 6
74 6
75 21
85 27
87 21
fl=./libio/./libio/iofread.c
fn=fread
31 2151
32 478
35 1434
37 3346
38 956
40 957
41 2151
fl=./libio/./libio/iofwrite.c
fn=fwrite
31 2124
32 472
35 1416
37 3304
38 1179
39 1652
45 944
46 236
49 2124
fl=./libio/./libio/iogetline.c
fn=_IO_getline
33 83
34 166
fn=_IO_getline_info
49 1245
51 166
53 249
54 2
55 343
57 264
58 176
60 8
61 8
63 2
67 6
75 2
77 6
78 3
83 252
85 336
86 168
88 246
89 164
90 246
92 82
94 164
97 164
98 82
101 2
102 2
103 2
107 664
fl=./libio/./libio/ioseekoff.c
fn=_IO_seekoff_unlocked
33 7
34 2
43 7
59 4
60 4
fl=./libio/./libio/libioP.h
fn=_IO_cleanup
1025 1
fn=_IO_default_uflow
1025 12
1026 8
fn=_IO_default_xsputn
1025 10
fn=_IO_do_write@@GLIBC_2.2.5
1025 30
1026 20
fn=_IO_doallocbuf
1025 9
1026 6
fn=_IO_file_close_it@@GLIBC_2.2.5
1025 9
1026 6
fn=_IO_file_doallocate
1025 9
1026 6
fn=_IO_file_seekoff@@GLIBC_2.2.5
1025 4
1026 2
fn=_IO_file_underflow@@GLIBC_2.2.5
1025 964
1026 482
fn=_IO_file_xsgetn
1025 239
fn=_IO_file_xsputn@@GLIBC_2.2.5
1025 30
1026 20
fn=_IO_flush_all
1025 2
fn=_IO_sgetn
1025 717
1026 478
fn=__uflow
1025 12
1026 8
fn=__underflow
1025 711
1026 474
fn=fclose@@GLIBC_2.2.5
951 12
952 12
958 6
979 12
980 27
1025 9
1026 6
fn=fread
979 478
980 2151
fn=fseek
979 2
980 8
fn=fwrite
979 472
980 2124
1025 472
1026 472
fl=./libio/./libio/vtables.c
fn=check_stdfiles_vtables
545 1
546 4
547 3
548 3
550 1
fl=./locale/../iconv/gconv_charset.h
fn=_nl_find_locale
58 2
60 36
62 14
63 94
64 30
71 10
74 6
75 16
77 2
78 2
85 99
fl=./locale/../string/bits/string_fortified.h
fn=_nl_find_locale
29 5
fn=_nl_intern_locale_data
59 11
fn=_nl_load_locale_from_archive
29 3
fl=./locale/../sysdeps/unix/sysv/linux/not-cancel.h
fn=_nl_load_locale
75 2
fn=_nl_load_locale_from_archive
75 2
fl=./locale/./locale/findlocale.c
fn=_nl_find_locale
65 8
74 3
77 2
81 7
84 2
86 1
87 4
95 6
103 17
106 2
114 2
118 4
120 3
122 4
131 5
132 5
145 2
149 2
152 3
153 2
158 3
159 2
167 1
168 1
178 3
181 18
196 7
198 2
204 17
210 4
214 14
219 3
225 2
226 3
228 3
231 3
234 9
236 6
237 4
238 8
243 1
244 2
256 3
279 1
280 3
282 4
285 17
288 17
291 5
301 3
305 3
306 1
307 13
308 5
310 5
314 3
319 5
321 3
324 11
fl=./locale/./locale/hashval.h
fn=_nl_load_locale_from_archive
35 1
36 23
38 6
39 12
41 2
fl=./locale/./locale/lc-ctype.c
fn=_nl_postload_ctype
33 1
38 1
56 1
57 2
58 1
59 2
60 1
61 2
65 4
67 2
69 2
71 3
105 6
106 4
107 4
108 3
109 3
110 3
112 1
fl=./locale/./locale/loadarchive.c
fn=_nl_load_locale_from_archive
118 1
119 3
120 2
121 1
122 4
123 4
134 14
135 1
153 2
159 4
169 3
170 4
172 5
173 6
174 2
175 2
176 6
181 3
182 3
183 19
184 11
187 1
189 3
194 2
202 2
205 5
206 2
210 5
225 1
227 8
228 2
235 2
259 1
261 1
265 1
270 3
274 2
277 3
280 5
281 12
287 3
499 11
fl=./locale/./locale/loadlocale.c
fn=_nl_intern_locale_data
69 1
76 10
79 40
86 19
87 10
89 1
90 18
99 4
112 2
123 9
133 4
134 12
141 5
143 2
144 1
152 1
156 5
157 3
160 1
161 1
166 2
169 1
171 2
172 269
174 176
175 182
186 5
206 2
210 175
213 258
214 138
217 40
219 20
220 40
228 9
fn=_nl_load_locale
232 28
240 2
241 2
243 6
244 4
248 7
254 4
279 3
289 8
291 2
328 2
332 4
333 3
344 1
345 1
347 1
348 22
fl=./locale/./locale/localeinfo.h
fn=_nl_find_locale
222 10
fn=new_composite_name
222 24
fl=./locale/./locale/setlocale.c
fn=new_composite_name
139 14
141 3
144 1
146 61
147 12
151 48
152 36
153 48
154 37
158 2
170 4
171 8
174 60
175 12
180 48
181 12
182 24
183 24
184 24
186 1
187 1
188 9
fn=setlocale
195 6
198 4
201 2
210 1
211 4
212 1
218 13
225 3
230 2
234 2
236 7
249 1
250 1
252 3
253 2
265 2
409 1
414 7
416 2
424 2
425 1
429 5
431 2
432 3
437 5
438 3
452 1
457 2
461 2
464 2
466 2
468 12
fl=./malloc/../string/bits/string_fortified.h
fn=calloc
59 1455
fn=tcache_init.part.0
59 88
fl=./malloc/../sysdeps/unix/sysv/linux/not-cancel.h
fn=ptmalloc_init.part.0
97 6
fl=./malloc/./malloc/arena.c
fn=calloc
153 970
fn=free
153 2229
fn=malloc
153 60
264 1
fn=ptmalloc_init.part.0
262 8
267 1
292 2
296 3
300 4
301 4
302 4
303 4
304 4
305 4
306 4
308 4
309 4
310 4
313 4
314 4
316 2
326 8
fn=realloc
153 7
fl=./malloc/./malloc/malloc.c
fn=_int_free
1792 490
3163 506
3165 1012
3166 253
3167 506
4495 5201
4499 2229
4505 2972
4506 1486
4510 3715
4517 1486
4518 4458
4521 253
4527 759
4547 1265
4550 253
4561 980
4637 980
4640 980
4643 980
4646 980
4658 3968
fn=_int_free_maybe_consolidate
4770 5390
4776 980
4778 8
4781 6
4784 10
4798 5390
fn=_int_free_merge_chunk
1992 1470
4665 3920
4666 490
4670 2940
4673 1960
4675 1470
4678 1470
4681 980
4682 980
4683 980
4689 980
4691 10
4692 10
4693 10
4694 40
4696 20
4701 1470
4702 3430
4714 980
4720 34
4721 8
4722 8
4724 13
4732 17
4733 68
4734 34
4736 17
4738 34
4740 51
4743 17
4744 17
4746 51
4747 17
4756 473
4757 1419
4758 946
fn=_int_malloc
1326 1032
1345 3096
1794 514
2008 12
2017 2
2552 12
2553 2
2564 4
2589 8
2590 4
2599 16
2605 3
2608 6
2669 6
2677 4
2678 6
2691 6
2693 2
2699 10
2707 4
2709 8
2710 6
2711 2
2712 2
2715 4
2744 10
2745 1
2746 4
2752 16
2753 6
2755 4
2782 2
2783 1
2795 3
2814 2
2817 2
2818 6
2820 1
2821 6
2833 5
2873 1
2875 1
2876 5
2877 1
2888 3
2921 6
2922 2
2926 2
2930 10
2932 2
2933 2
2934 2
2935 14
2936 4
2938 2
3846 5676
3882 1
3887 1032
3914 1038
3916 60
3919 19
3921 34
3930 51
3977 998
3979 60
3980 44
3982 66
4039 7290
4040 1482
4058 1546
4059 1548
4060 1548
4070 2585
4257 1548
4259 1976
4262 1482
4263 516
4330 516
4331 1032
4332 1032
4333 1032
4334 3096
4339 2064
4343 1732
4346 272
4443 516
4444 1032
4446 1032
4449 1548
4451 514
4452 1028
4453 514
4454 4112
4456 1028
4459 1028
4460 1548
4461 516
4466 8
4482 2
4487 6192
fn=_int_realloc
4914 8
4925 4
4926 5
4927 4
4933 2
4935 2
4936 3
4938 4
4941 2
4951 4
4952 1
4953 1
4955 9
4956 2
4957 3
4959 2
5030 9
fn=alloc_perturb
1985 1548
1987 516
fn=calloc
3699 4365
3709 4365
3717 970
3720 1455
3722 970
3732 485
3733 1455
3754 1455
3756 4850
3759 1455
3784 485
3796 1455
3799 2425
3807 485
3809 970
3811 970
3837 3395
fn=free
3359 5203
3363 1490
3371 1486
3373 743
3375 2229
3392 2229
3398 2229
3401 743
3402 4460
fn=malloc
1326 544
1345 1356
3178 484
3182 484
3186 968
3190 484
3191 242
3248 4
3294 2176
3301 544
3311 536
3313 1088
3316 544
3317 4
3318 786
3326 60
3328 120
3329 150
3354 1632
fn=ptmalloc_init.part.0
1946 385
1949 381
1957 1
1958 1
1960 1
3143 2
fn=realloc
1326 2
1345 6
3407 33
3413 6
3417 6
3424 6
3425 4
3433 1
3441 2
3443 1
3444 2
3456 3
3464 4
3465 2
3475 2
3506 2
3508 7
3509 7
3538 23
5241 3
5242 3
5243 2
5244 1
fn=tcache_init.part.0
3242 4
3251 8
3252 3
3253 2
3261 4
3270 2
3274 3
fn=unlink_chunk.isra.0
1608 28
1610 70
1613 28
1614 28
1616 56
1619 14
1620 14
1621 70
1645 28
fl=./malloc/./malloc/morecore.c
fn=__glibc_morecore
25 9
26 6
29 3
30 6
34 6
fl=./malloc/./malloc/scratch_buffer_set_array_size.c
fn=__libc_scratch_buffer_set_array_size
30 52
34 4
35 8
45 8
46 4
63 24
fl=./math/../include/math.h
fn=__powf_fma
103 1
106 1
fl=./math/../sysdeps/ieee754/dbl-64/s_sin.c
fn=__sin_fma
104 2620
107 1572
108 1572
111 524
112 2096
113 2096
114 5764
115 2096
116 524
128 2512
129 1012
133 2144
135 1072
136 1072
139 536
140 2680
141 2680
142 5896
143 2144
144 2680
201 9216
211 3456
212 2304
218 2304
225 1048
227 2096
229 2620
254 6912
fn=__sincos_fma
104 4463
105 767
107 1515
108 2138
111 1128
112 4899
113 5909
114 7575
115 3384
116 1128
128 3512
129 2365
133 2249
134 1776
135 1246
136 1246
139 953
140 5526
141 6061
142 8722
143 3921
144 4238
156 384
157 128
159 256
160 256
164 512
165 256
168 384
169 384
fl=./math/../sysdeps/ieee754/dbl-64/s_sincos.c
fn=__sincos_fma
37 14937
44 3447
46 2298
50 2042
53 2126
54 21
55 42
59 2000
61 495
62 495
63 495
67 1010
68 1010
69 1010
70 2020
71 505
72 505
75 256
81 256
84 384
86 198
87 99
90 553
97 128
99 512
100 128
107 11490
fl=./math/../sysdeps/ieee754/flt-32/e_asinf.c
fn=__asinf_finite@GLIBC_2.15
65 40
68 40
69 80
70 80
73 40
75 80
76 64
77 32
80 32
81 320
82 96
86 24
87 8
88 80
89 16
90 16
96 24
97 40
99 64
100 32
101 16
103 16
104 8
fl=./math/../sysdeps/ieee754/flt-32/e_expf.c
fn=__expf_fma
49 10
54 5
60 5
61 5
62 10
80 5
90 15
92 5
94 5
97 10
98 15
100 10
101 5
102 10
103 5
104 10
105 10
fl=./math/../sysdeps/ieee754/flt-32/e_log10f.c
fn=__log10f_finite@GLIBC_2.15
28 135336
32 33834
34 33834
35 67668
43 67668
44 101502
45 67668
46 135336
47 101502
51 304506
52 101502
53 67668
fl=./math/../sysdeps/ieee754/flt-32/e_logf.c
fn=__logf_fma
41 33954
50 67908
51 7
53 101841
70 33947
71 67894
72 33947
73 101841
75 135788
76 67894
79 67894
80 135788
83 33947
84 67894
85 33947
86 67894
87 67894
88 7
fl=./math/../sysdeps/ieee754/flt-32/e_powf.c
fn=__powf_fma
55 49446
56 98892
57 49446
58 49446
59 49446
61 197784
62 98892
65 98892
66 148338
69 49446
70 98892
71 98892
72 49446
73 49446
74 49446
75 49446
104 98892
106 49446
108 49446
111 98892
112 49446
113 148338
115 98892
116 49446
117 98892
118 49446
119 98892
143 98898
148 49448
149 49448
154 247238
158 2
160 2
161 3
172 2
174 1
175 2
181 4
206 98892
207 197784
230 49446
231 98896
fl=./math/../sysdeps/ieee754/flt-32/math_config.h
fn=__expf_fma
67 5
89 5
fn=__logf_fma
67 33954
fn=__powf_fma
67 98896
89 49446
fn=__sinf_fma
67 40
68 5
fl=./math/../sysdeps/ieee754/flt-32/s_sincosf.h
fn=__sinf_fma
39 120
60 10
61 15
63 10
fl=./math/../sysdeps/ieee754/flt-32/s_sinf.c
fn=__sinf_fma
44 40
45 40
48 15
50 80
52 35
54 70
57 24
58 24
62 23
64 10
74 5
fl=./math/../sysdeps/x86/fpu/fenv_private.h
fn=__sin_fma
415 1152
416 4608
419 2304
425 1152
431 2304
fn=__sincos_fma
415 1149
416 4596
419 4596
431 2298
fl=./math/../sysdeps/x86/fpu/sincosf_poly.h
fn=__sinf_fma
90 10
92 23
93 46
95 23
96 23
98 46
102 5
103 10
104 10
106 5
107 5
109 15
fl=./math/../sysdeps/x86_64/fpu/multiarch/e_asin.c
fn=__acos_finite@GLIBC_2.15
35 1
fn=__asin_finite@GLIBC_2.15
27 2
fl=./math/../sysdeps/x86_64/fpu/multiarch/e_atan2.c
fn=__atan2_finite@GLIBC_2.15
26 2
fl=./math/../sysdeps/x86_64/fpu/multiarch/e_exp.c
fn=__exp_finite@GLIBC_2.15
27 2
fl=./math/../sysdeps/x86_64/fpu/multiarch/e_exp2f.c
fn=exp2f@@GLIBC_2.27
27 2
fl=./math/../sysdeps/x86_64/fpu/multiarch/e_expf.c
fn=expf@@GLIBC_2.27
27 4
fl=./math/../sysdeps/x86_64/fpu/multiarch/e_log.c
fn=__log_finite@GLIBC_2.15
27 2
fl=./math/../sysdeps/x86_64/fpu/multiarch/e_log2.c
fn=log2@@GLIBC_2.29
27 2
fl=./math/../sysdeps/x86_64/fpu/multiarch/e_log2f.c
fn=log2f@@GLIBC_2.27
27 2
fl=./math/../sysdeps/x86_64/fpu/multiarch/e_logf.c
fn=logf@@GLIBC_2.27
27 4
fl=./math/../sysdeps/x86_64/fpu/multiarch/e_pow.c
fn=__pow_finite@GLIBC_2.15
27 2
fl=./math/../sysdeps/x86_64/fpu/multiarch/e_powf.c
fn=powf@@GLIBC_2.27
30 2
fl=./math/../sysdeps/x86_64/fpu/multiarch/ifunc-avx-fma4.h
fn=__atan2_finite@GLIBC_2.15
32 5
33 2
fn=__exp_finite@GLIBC_2.15
32 5
33 2
fn=__log_finite@GLIBC_2.15
32 5
33 2
fn=cos
32 5
33 2
fn=sin
32 10
33 4
fl=./math/../sysdeps/x86_64/fpu/multiarch/ifunc-fma.h
fn=__log1p
29 4
30 3
fn=cosf
29 4
30 3
fn=exp2f@@GLIBC_2.27
29 4
30 3
fn=expf@@GLIBC_2.27
29 8
30 6
fn=expm1
29 4
30 3
fn=log2@@GLIBC_2.29
29 4
30 3
fn=log2f@@GLIBC_2.27
29 4
30 3
fn=logf@@GLIBC_2.27
29 8
30 6
fn=powf@@GLIBC_2.27
29 8
30 8
fn=sincosf
29 4
30 3
fn=sinf
29 8
30 6
fl=./math/../sysdeps/x86_64/fpu/multiarch/ifunc-fma4.h
fn=__acos_finite@GLIBC_2.15
31 4
32 2
35 1
fn=__asin_finite@GLIBC_2.15
31 4
32 2
fn=__pow_finite@GLIBC_2.15
31 4
32 2
fn=sincos
31 8
32 4
fl=./math/../sysdeps/x86_64/fpu/multiarch/s_cosf.c
fn=cosf
26 2
fl=./math/../sysdeps/x86_64/fpu/multiarch/s_expm1.c
fn=expm1
26 2
fl=./math/../sysdeps/x86_64/fpu/multiarch/s_fma.c
fn=fma
49 6
fl=./math/../sysdeps/x86_64/fpu/multiarch/s_log1p.c
fn=__log1p
26 2
fl=./math/../sysdeps/x86_64/fpu/multiarch/s_sin.c
fn=cos
34 2
fn=sin
27 4
fl=./math/../sysdeps/x86_64/fpu/multiarch/s_sincos.c
fn=sincos
26 4
fl=./math/../sysdeps/x86_64/fpu/multiarch/s_sincosf.c
fn=sincosf
26 2
fl=./math/../sysdeps/x86_64/fpu/multiarch/s_sinf.c
fn=sinf
26 4
fl=./math/../sysdeps/x86_64/fpu/s_fmaxf.S
fn=fmaxf
23 472
24 472
25 472
26 472
27 472
50 472
fl=./math/../sysdeps/x86_64/fpu/s_fminf.S
fn=fminf
23 7258
24 7258
25 7258
26 7258
27 7258
50 7258
fl=./math/../sysdeps/x86_64/fpu/s_llrintf.S
fn=lrintf
24 20952
25 20952
26 20952
fl=./math/./math/w_asinf_compat.c
fn=asinf
29 40
30 160
38 40
fl=./math/./math/w_log10f_compat.c
fn=log10f
29 33834
30 101502
44 33834
fl=./misc/../sysdeps/unix/syscall-template.S
fn=mprotect
117 30
122 6
fn=munmap
117 5
122 1
fl=./misc/../sysdeps/unix/sysv/linux/brk.c
fn=brk
36 3
37 6
38 6
44 3
45 3
fl=./misc/../sysdeps/unix/sysv/linux/brk_call.h
fn=brk
24 6
fl=./misc/../sysdeps/unix/sysv/linux/getpagesize.c
fn=getpagesize
27 1
28 4
30 1
fl=./misc/../sysdeps/unix/sysv/linux/mmap64.c
fn=mmap
47 168
50 48
53 106
58 144
60 96
fl=./misc/../sysdeps/unix/sysv/linux/setvmaname.c
fn=__set_vma_name
33 11
35 7
40 7
47 1
49 6
fl=./misc/./misc/init-misc.c
fn=__init_misc
30 5
31 6
33 3
37 5
38 3
40 4
fl=./misc/./misc/sbrk.c
fn=sbrk
37 24
40 6
43 6
58 6
59 4
62 6
63 2
66 8
74 6
78 21
fl=./nptl/../sysdeps/nptl/futex-internal.h
fn=__pthread_once_slow
209 8
fl=./nptl/../sysdeps/unix/sysv/linux/x86/elision-conf.c
fn=__lll_elision_init
92 8
96 5
98 4
100 4
102 4
104 4
107 3
108 1
109 6
fl=./nptl/./nptl/cleanup_compat.c
fn=_pthread_cleanup_pop@@GLIBC_2.34
40 1
43 2
47 2
49 1
fn=_pthread_cleanup_push@@GLIBC_2.34
25 1
28 1
29 1
30 2
32 1
33 1
fl=./nptl/./nptl/libc-cleanup.c
fn=__libc_cleanup_pop_restore
54 8
55 8
57 16
59 8
60 24
71 8
fn=__libc_cleanup_push_defer
24 8
25 8
27 16
29 16
32 16
46 24
48 8
49 8
fl=./nptl/./nptl/pthread_mutex_conf.c
fn=__pthread_tunables_init
55 8
56 5
58 4
60 4
62 6
fl=./nptl/./nptl/pthread_mutex_lock.c
fn=pthread_mutex_lock@@GLIBC_2.2.5
44 1
45 7
46 1
77 5
80 3
82 1
84 2
88 2
97 2
108 4
112 1
115 2
124 1
130 3
131 2
179 1
182 1
184 1
187 1
190 3
fl=./nptl/./nptl/pthread_mutex_unlock.c
fn=pthread_mutex_unlock@@GLIBC_2.2.5
39 1
40 4
41 1
51 3
52 2
57 2
62 1
65 1
70 1
72 1
74 2
80 4
84 3
87 2
367 4
369 2
fl=./nptl/./nptl/pthread_once.c
fn=__pthread_once_slow
68 11
76 1
80 2
88 2
92 2
101 4
114 13
116 1
118 3
124 1
132 10
fn=pthread_once@@GLIBC_2.34
136 1
139 1
140 2
143 1
fl=./nptl/./nptl/pthread_rwlock_common.c
fn=pthread_rwlock_unlock@@GLIBC_2.34
221 5
531 1
535 3
536 2
538 3
559 1
561 8
569 2
582 2
fn=pthread_rwlock_wrlock@@GLIBC_2.34
603 4
622 6
624 2
778 3
783 2
788 4
789 8
795 12
802 1
947 2
949 1
fl=./nptl/./nptl/pthread_rwlock_unlock.c
fn=pthread_rwlock_unlock@@GLIBC_2.34
30 6
31 1
38 3
39 1
44 5
fl=./nptl/./nptl/pthread_rwlock_wrlock.c
fn=pthread_rwlock_wrlock@@GLIBC_2.34
23 10
24 1
27 1
29 9
fl=./posix/../malloc/dynarray-skeleton.c
fn=__unregister_atfork
243 4
fl=./posix/../sysdeps/posix/sysconf.c
fn=sysconf
60 14
221 3
fl=./posix/../sysdeps/unix/sysv/linux/_exit.c
fn=_Exit
27 2
30 4
fl=./posix/../sysdeps/unix/sysv/linux/x86/../sysconf.c
fn=sysconf
49 10
fl=./posix/../sysdeps/unix/sysv/linux/x86/sysconf.c
fn=sysconf
32 12
33 3
37 10
fl=./posix/./posix/getopt.c
fn=_getopt_internal
706 25
709 25
710 5
712 25
716 10
717 15
718 15
721 15
fn=_getopt_internal_r
391 3
392 1
395 3
400 2
405 12
408 1
410 1
474 60
475 5
477 10
478 2
480 20
482 30
484 16
487 1
488 15
493 16
499 15
501 15
504 15
509 15
510 2
511 9
512 8
513 6
518 49
519 2
520 10
528 36
549 4
550 1
557 20
567 8
569 8
573 2
574 6
591 6
605 6
611 15
612 15
615 18
616 3
618 15
627 15
630 3
632 3
651 9
654 6
656 6
671 6
678 6
694 12
695 3
698 3
700 45
fn=exchange
132 8
133 9
134 1
135 3
143 15
145 12
152 3
154 1
155 14
156 1
159 2
168 17
170 1
171 2
172 1
175 1
181 7
183 8
fn=process_long_option
198 20
206 62
208 2
212 206
213 240
214 4
310 2
333 3
334 1
335 2
339 1
352 2
368 3
369 1
370 3
372 1
376 11
fl=./posix/./posix/getopt1.c
fn=getopt_long
30 15
31 20
33 10
fl=./posix/./posix/register-atfork.c
fn=__unregister_atfork
71 8
82 24
83 16
109 16
110 12
fl=./resource/../sysdeps/unix/sysv/linux/getrlimit64.c
fn=getrlimit
38 2
39 7
40 1
fl=./setjmp/../sysdeps/x86_64/bsd-_setjmp.S
fn=_setjmp
28 1
30 1
32 1
fl=./setjmp/../sysdeps/x86_64/setjmp.S
fn=__sigsetjmp
31 9
33 9
42 9
43 18
44 9
48 9
49 9
50 9
51 9
52 9
54 18
56 9
57 9
58 9
60 18
62 9
67 1
68 1
70 8
73 8
74 8
81 8
82 8
85 1
fl=./setjmp/./setjmp/sigjmp.c
fn=__sigjmp_save
28 6
29 1
30 2
34 4
fl=./signal/../string/bits/string_fortified.h
fn=__libc_sigaction
29 64
fl=./signal/../sysdeps/posix/signal.c
fn=signal
30 14
34 10
35 4
41 2
44 8
45 12
48 2
49 10
fl=./signal/../sysdeps/unix/sysv/linux/internal-signals.h
fn=sigaction
53 2
fn=signal
53 2
fl=./signal/../sysdeps/unix/sysv/linux/libc_sigaction.c
fn=__libc_sigaction
43 16
48 4
50 4
53 10
58 22
63 8
65 4
67 4
68 4
71 12
fl=./signal/../sysdeps/unix/sysv/linux/sigsetops.h
fn=signal
96 2
102 4
104 2
fl=./signal/./signal/sigaction.c
fn=sigaction
26 2
27 10
33 2
fl=./stdlib/../stdlib/strtol.c
fn=strtol
116 2
117 10
fl=./stdlib/../stdlib/strtol_l.c
fn=____strtol_l_internal
238 26
252 2
257 2
258 4
264 4
292 2
295 8
304 12
306 4
310 2
311 4
316 4
320 4
322 2
327 3
335 2
342 4
345 8
393 2
394 2
395 2
449 8
451 26
453 12
477 2
478 2
481 12
484 16
489 8
490 12
495 4
500 6
506 4
507 4
509 6
524 2
546 16
fl=./stdlib/../string/bits/string_fortified.h
fn=msort_with_tmp.part.0
29 179
fl=./stdlib/./stdlib/cxa_atexit.c
fn=__cxa_atexit
41 2
43 8
44 2
46 2
52 3
53 1
54 1
55 1
56 1
57 4
58 1
67 7
69 6
fn=__new_exitfn
80 5
81 1
86 2
91 10
93 4
101 1
122 1
123 1
134 1
136 1
137 1
141 5
fl=./stdlib/./stdlib/cxa_finalize.c
fn=__cxa_finalize
30 40
33 28
36 28
40 28
93 28
97 24
105 8
106 16
107 32
fl=./stdlib/./stdlib/cxa_thread_atexit_impl.c
fn=__call_tls_dtors
148 5
149 4
165 4
fl=./stdlib/./stdlib/exit.c
fn=__run_exit_handlers
38 12
40 2
41 2
43 5
54 2
56 2
60 1
64 6
66 2
67 1
69 7
94 2
101 1
102 1
103 1
104 3
107 4
108 3
109 4
113 3
119 3
120 2
126 4
128 2
129 2
131 2
fn=exit
137 3
138 4
fl=./stdlib/./stdlib/getenv.c
fn=getenv
24 54
25 48
28 12
29 1066
31 526
32 218
33 1
37 54
fl=./stdlib/./stdlib/qsort.c
fn=msort_with_tmp.part.0
196 528
201 346
204 88
205 88
206 44
207 132
212 88
213 88
214 88
215 88
216 308
273 568
275 840
277 576
278 228
279 114
283 24
284 12
285 6
291 89
292 2
293 176
294 308
fn=qsort
404 1
405 2
fn=qsort_r
132 7
134 2
135 1
136 2
140 2
201 1
344 12
345 6
350 1
353 2
354 1
356 2
357 2
385 5
396 2
398 11
fl=./string/../include/rtld-malloc.h
fn=strdup
56 10
fl=./string/../string/bits/string_fortified.h
fn=memmem
59 40
fn=strdup
29 8
fn=strndup
29 4
fl=./string/../string/strcspn.c
fn=strcspn
32 6
33 3
34 2
39 6
40 4
41 4
42 4
44 1
47 9
48 6
51 4
52 4
53 4
54 4
56 3
61 13
62 26
63 26
64 26
65 13
67 78
69 1
70 4
71 3
fl=./string/../string/strstr.c
fn=__GI_strstr
77 36
82 9
84 15
85 6
86 6
161 36
fl=./string/../sysdeps/x86/cacheinfo.c
fn=__x86_cacheinfo
86 1
fl=./string/../sysdeps/x86/cacheinfo.h
fn=__x86_cacheinfo
59 1
62 3
64 3
65 1
71 3
73 3
74 1
78 2
80 2
81 2
82 2
84 2
86 2
fl=./string/../sysdeps/x86_64/multiarch/../multiarch/memcmp-sse2.S
fn=bcmp
59 1
71 1
72 1
94 1
95 1
140 1
141 1
143 1
144 1
146 1
147 1
149 1
150 1
197 1
198 1
199 1
200 1
201 1
202 1
fl=./string/../sysdeps/x86_64/multiarch/../multiarch/memset-vec-unaligned-erms.S
fn=memset
132 9
133 45
138 9
139 9
142 3
143 3
244 3
245 3
257 3
260 3
261 3
273 3
274 3
287 3
288 3
290 3
293 2
296 4
299 75
300 75
301 75
302 75
303 75
304 75
305 75
308 3
309 3
310 3
311 3
316 3
350 6
352 6
353 6
392 6
393 6
395 6
fl=./string/../sysdeps/x86_64/multiarch/../multiarch/strchr-sse2.S
fn=index
32 24
33 24
34 24
35 24
36 24
37 24
38 24
39 24
40 24
41 24
42 24
43 24
44 24
45 24
46 24
47 24
48 24
49 24
50 21
54 21
55 21
56 21
57 21
59 21
63 3
64 3
65 3
66 3
67 3
68 3
69 3
70 3
71 3
72 3
73 3
74 3
75 3
76 3
77 3
78 3
79 3
80 3
81 3
82 3
83 3
84 3
85 3
86 3
138 3
142 3
143 3
144 3
145 3
147 3
fl=./string/../sysdeps/x86_64/multiarch/../multiarch/strcmp-sse2.S
fn=strcmp
98 481
131 481
132 481
134 481
135 481
156 481
157 481
158 412
159 412
160 314
161 314
162 314
163 314
180 314
181 314
182 314
183 314
184 314
185 314
186 314
191 20
192 60
201 187
202 187
203 187
204 187
205 187
206 187
207 187
208 187
209 176
210 92
211 92
212 92
214 176
215 176
216 176
217 176
218 176
219 176
229 11
230 11
231 11
233 11
239 11
240 11
241 11
242 11
243 11
248 11
250 5
251 5
252 10
260 5
261 5
264 5
265 5
266 5
267 5
268 5
269 5
300 12
301 12
302 12
303 12
304 12
306 12
307 12
308 12
309 12
310 12
311 12
312 12
313 6
316 6
317 6
318 6
324 6
325 6
326 12
330 6
331 6
334 6
335 6
336 6
338 6
339 6
340 6
344 6
345 6
346 6
347 6
348 6
349 6
424 2
425 2
426 2
427 2
428 2
430 2
431 2
432 2
433 2
434 2
435 2
436 2
437 2
440 2
441 2
442 2
448 2
449 2
450 4
454 2
455 2
458 2
459 2
460 2
462 2
463 2
464 2
468 2
469 2
470 2
471 2
472 2
473 2
661 3
662 3
663 3
664 3
665 3
667 3
668 3
669 3
670 3
671 3
672 3
673 3
674 2
678 2
679 2
680 2
686 2
687 2
688 4
692 2
693 2
696 2
697 2
698 2
700 2
701 2
702 2
706 2
707 2
708 2
709 2
710 2
711 2
780 2
781 2
782 2
783 2
784 2
786 2
787 2
788 2
789 2
790 2
791 2
792 2
793 1
797 1
798 1
799 1
805 1
806 1
807 2
811 1
812 1
815 1
816 1
817 1
819 1
820 1
821 1
825 1
826 1
827 1
828 1
829 1
830 1
899 4
900 4
901 4
902 4
903 4
905 4
906 4
907 4
908 4
909 4
910 4
911 4
912 3
916 3
917 3
918 3
924 3
925 3
926 6
930 3
931 3
934 3
935 3
936 3
938 3
939 3
940 3
944 3
945 3
946 3
947 3
948 3
949 3
956 1
957 1
959 1
960 1
962 1
963 1
964 1
966 1
967 1
968 1
972 1
973 1
974 1
975 1
976 1
977 1
1018 7
1019 7
1020 7
1021 7
1022 7
1024 7
1025 7
1026 7
1027 7
1028 7
1029 7
1030 7
1031 5
1035 5
1036 5
1037 5
1043 5
1044 5
1045 10
1049 5
1050 5
1053 5
1054 5
1055 5
1057 5
1058 5
1059 5
1063 5
1064 5
1065 5
1066 5
1067 5
1068 5
1137 7
1138 7
1139 7
1140 7
1141 7
1143 7
1144 7
1145 7
1146 7
1147 7
1148 7
1149 7
1150 4
1154 4
1155 4
1156 4
1162 4
1163 4
1164 8
1168 4
1169 4
1172 4
1173 4
1174 4
1176 4
1177 4
1178 4
1182 4
1183 4
1184 4
1185 4
1186 4
1187 4
1256 27
1257 27
1258 27
1259 27
1260 27
1262 27
1263 27
1264 27
1265 27
1266 27
1267 27
1268 27
1269 4
1273 4
1274 4
1275 4
1281 4
1282 4
1283 8
1287 4
1288 4
1291 4
1292 4
1293 4
1295 4
1296 4
1297 4
1301 4
1302 4
1303 4
1304 4
1305 4
1306 4
1375 8
1376 8
1377 8
1378 8
1379 8
1381 8
1382 8
1383 8
1384 8
1385 8
1386 8
1387 8
1388 4
1392 4
1393 4
1394 4
1400 4
1401 4
1402 8
1406 4
1407 4
1410 4
1411 4
1412 4
1414 4
1415 4
1416 4
1420 4
1421 4
1422 4
1423 4
1424 4
1425 4
1494 20
1495 20
1496 20
1497 20
1498 20
1500 20
1501 20
1502 20
1503 20
1504 20
1505 20
1506 20
1507 10
1511 10
1512 10
1513 10
1519 10
1520 10
1521 20
1525 10
1526 10
1529 10
1530 10
1531 10
1533 10
1534 10
1535 10
1539 10
1540 10
1541 10
1542 10
1543 10
1544 10
1613 15
1614 15
1615 15
1616 15
1617 15
1619 15
1620 15
1621 15
1622 15
1623 15
1624 15
1625 15
1626 8
1630 8
1631 8
1632 8
1638 8
1639 8
1640 16
1644 8
1645 8
1648 8
1649 8
1650 8
1652 8
1653 8
1654 8
1658 8
1659 8
1660 8
1661 8
1662 8
1663 8
1670 1
1671 1
1673 1
1674 1
1676 1
1677 1
1678 1
1680 1
1681 1
1682 1
1686 1
1687 1
1688 1
1689 1
1690 1
1691 1
1732 33
1733 33
1734 33
1735 33
1736 33
1738 33
1739 33
1740 33
1741 33
1742 33
1743 33
1744 33
1745 18
1749 18
1750 18
1751 18
1757 18
1758 18
1759 36
1763 18
1764 18
1767 18
1768 18
1769 18
1771 18
1772 18
1773 18
1777 18
1778 18
1779 18
1780 18
1781 18
1782 18
1789 2
1790 2
1792 2
1793 2
1795 2
1796 2
1797 2
1799 2
1800 2
1801 2
1805 2
1806 2
1807 2
1808 2
1809 2
1810 2
1851 9
1852 9
1853 9
1854 9
1855 9
1857 9
1858 9
1859 9
1860 9
1861 9
1862 9
1863 9
1864 4
1868 4
1869 4
1870 4
1876 4
1877 4
1878 8
1882 4
1883 4
1886 4
1887 4
1888 4
1890 4
1891 4
1892 4
1896 4
1897 4
1898 4
1899 4
1900 4
1901 4
1970 27
1971 27
1972 27
1973 27
1974 27
1976 27
1977 27
1978 27
1979 27
1980 27
1981 27
1982 27
1984 5
1988 5
1989 5
1990 5
1996 5
1997 5
1999 10
2003 5
2004 5
2007 5
2008 5
2009 5
2011 5
2012 5
2013 5
2017 5
2018 5
2019 5
2020 5
2021 5
2022 5
2093 81
2095 187
2096 187
2097 187
2098 187
2099 184
2104 481
2110 481
2111 481
2119 481
2120 481
fn=strncmp
98 3
125 3
126 3
127 3
128 3
129 3
131 3
132 3
134 3
135 3
156 3
157 3
158 3
159 3
160 1
161 1
162 1
163 1
180 1
181 1
182 1
183 1
184 1
185 1
186 1
201 2
202 2
203 2
204 2
205 2
206 2
207 2
208 2
209 2
214 2
215 2
216 2
217 2
218 2
219 2
1137 2
1138 2
1139 2
1140 2
1141 2
1143 2
1144 2
1145 2
1146 2
1147 2
1148 2
1149 2
2095 2
2096 2
2097 2
2098 2
2104 3
2107 3
2108 3
2110 1
2111 1
2119 1
2120 1
2123 2
2124 2
fl=./string/../sysdeps/x86_64/multiarch/../multiarch/strcpy-sse2-unaligned.S
fn=stpcpy
45 1
51 1
58 1
59 1
60 1
301 1
302 1
303 1
304 1
305 1
315 1
316 1
318 1
319 1
320 1
330 1
331 1
357 1
358 1
363 1
364 4
702 1
703 1
704 1
705 1
707 1
714 1
fl=./string/../sysdeps/x86_64/multiarch/../multiarch/strlen-sse2.S
fn=strlen
57 30
101 30
102 30
103 30
104 30
105 30
106 30
107 30
109 30
111 30
142 30
143 30
144 30
145 30
146 30
147 16
149 16
153 14
154 14
155 14
156 14
157 14
158 14
159 14
160 14
161 14
162 14
163 14
164 14
169 112
fl=./string/../sysdeps/x86_64/multiarch/ifunc-avx2.h
fn=memrchr
38 4
40 3
41 2
42 3
45 2
46 2
49 3
52 6
fn=rindex
38 8
40 6
41 4
42 6
45 4
46 4
49 6
52 12
fn=strchrnul
38 4
40 3
41 2
42 3
45 2
46 2
49 3
52 6
fn=strlen
38 8
40 6
41 4
42 6
45 4
46 4
49 6
52 12
fn=strnlen
38 8
40 6
41 4
42 6
45 4
46 4
49 6
52 12
fl=./string/../sysdeps/x86_64/multiarch/ifunc-evex.h
fn=memchr
37 4
38 3
39 3
42 2
43 2
45 2
51 3
54 4
fl=./string/../sysdeps/x86_64/multiarch/ifunc-memcmp.h
fn=bcmp
34 15
35 6
36 6
37 9
40 6
41 6
44 9
47 12
fl=./string/../sysdeps/x86_64/multiarch/ifunc-memmove.h
fn=memcpy@@GLIBC_2.14
56 4
57 6
60 6
61 4
74 4
77 4
85 4
93 4
96 10
fn=memmove
56 4
57 6
60 6
61 4
74 4
77 4
85 4
93 4
96 10
fn=mempcpy
56 2
57 3
60 3
61 2
74 2
77 2
85 2
93 2
96 5
fl=./string/../sysdeps/x86_64/multiarch/ifunc-memset.h
fn=memset
54 10
57 6
58 4
64 4
73 4
75 4
85 4
93 4
96 10
fl=./string/../sysdeps/x86_64/multiarch/ifunc-sse4_2.h
fn=strcspn
36 5
fn=strpbrk
36 5
fn=strspn
36 5
fl=./string/../sysdeps/x86_64/multiarch/ifunc-strcasecmp.h
fn=strcasecmp
36 8
37 4
38 6
41 4
42 4
45 6
48 10
fn=strcasecmp_l
36 4
37 2
38 3
41 2
42 2
45 3
48 5
fn=strncasecmp
36 4
37 2
38 3
41 2
42 2
45 3
48 5
fn=strncasecmp_l
36 4
37 2
38 3
41 2
42 2
45 3
48 5
fl=./string/../sysdeps/x86_64/multiarch/ifunc-strcpy.h
fn=stpcpy
38 4
39 3
42 2
43 2
46 3
49 3
fn=strcat
38 4
39 3
42 2
43 2
46 3
49 3
fn=strcpy
38 4
39 3
42 2
43 2
46 3
49 3
fl=./string/../sysdeps/x86_64/multiarch/ifunc-strncpy.h
fn=stpncpy
35 5
36 3
39 2
40 2
43 3
46 4
fn=strncpy
35 5
36 3
39 2
40 2
43 3
46 4
fl=./string/../sysdeps/x86_64/multiarch/memchr-avx2.S
fn=__memchr_avx2
61 85
68 85
70 85
73 85
74 85
76 85
77 85
78 85
79 85
82 85
83 85
86 85
87 85
89 83
90 83
91 38
92 38
94 76
101 2
106 2
113 2
114 2
121 18
122 18
123 18
124 36
128 2
129 2
133 17
134 17
135 17
136 34
140 3
141 3
142 3
143 6
161 45
162 45
163 45
165 45
175 45
176 45
179 45
180 45
182 38
183 38
185 20
186 20
187 20
188 20
190 3
191 3
192 3
193 3
257 7
258 7
261 2
262 2
266 1
267 1
278 2
310 5
312 5
314 5
315 5
316 5
317 5
318 10
338 1
342 1
344 1
345 2
366 1
367 1
368 1
369 1
fl=./string/../sysdeps/x86_64/multiarch/memchr.c
fn=memchr
29 2
fl=./string/../sysdeps/x86_64/multiarch/memcmp-avx2-movbe.S
fn=__memcmp_avx2_movbe
73 9753
80 9753
81 9753
84 5367
85 5367
86 5367
90 5367
91 5367
93 3057
94 3057
97 277
98 277
99 277
102 277
103 277
106 173
107 173
110 14
111 14
112 14
113 14
114 14
115 10
116 10
117 10
118 10
119 10
122 9
123 9
129 9
130 9
131 9
132 9
136 9
137 9
139 9
140 9
141 9
142 9
145 9
146 9
147 9
148 9
149 9
150 9
152 18
156 3871
166 3871
167 3871
168 3871
171 7742
175 104
183 104
184 104
185 104
187 208
191 4
199 4
200 4
201 4
203 8
223 1
231 1
232 1
233 1
235 2
330 159
331 159
332 159
333 159
334 159
337 2936
338 2936
339 2936
340 2936
341 2936
342 4980
365 3
366 3
374 3
375 3
376 3
378 6
382 446
383 446
391 446
392 446
393 446
395 892
401 4386
402 4386
407 4386
408 4386
409 4386
410 4386
411 4386
414 4384
415 4384
416 4384
417 4384
420 4384
421 4384
422 2824
423 5648
429 2
430 2
512 2
513 2
514 2
515 2
516 2
520 1
521 1
522 1
523 1
524 1
525 1
527 1
529 1
fl=./string/../sysdeps/x86_64/multiarch/memcmp.c
fn=bcmp
29 12
fl=./string/../sysdeps/x86_64/multiarch/memcmpeq.c
fn=memcpy@@GLIBC_2.14
29 2
fl=./string/../sysdeps/x86_64/multiarch/memmove-vec-unaligned-erms.S
fn=???
251 236776
fn=__memcpy_avx_unaligned_erms
255 60135
256 60135
262 60737
263 60737
265 39022
266 39022
267 39022
270 27637
271 27637
272 27637
275 55274
305 21715
306 21715
308 314
309 314
311 31
315 31
316 10
317 10
318 10
319 10
320 5
321 5
323 10
325 10
331 21
332 21
333 21
334 21
335 21
342 21401
343 21401
344 21401
345 21401
347 21401
364 283
365 283
366 283
367 283
368 283
375 10859
376 10859
377 10859
378 10859
379 10859
380 10859
381 21718
386 11385
387 11385
392 11385
393 11385
395 11145
396 11145
397 11145
399 286
400 286
401 286
402 286
403 286
404 286
405 286
406 286
407 286
408 286
409 286
410 286
411 286
412 286
413 572
417 240
418 240
422 240
424 240
428 240
429 240
440 240
443 240
445 240
447 240
451 240
452 240
461 239
462 239
464 239
466 239
467 239
468 239
471 239
473 239
475 239
477 478
483 7272
484 7272
485 7272
486 7272
487 7272
488 7272
489 7272
490 7272
491 7272
492 7272
493 7272
494 7272
496 239
497 239
498 239
499 239
501 239
505 478
518 1
519 1
521 1
522 1
523 1
525 1
527 1
529 2
535 1
536 1
537 1
538 1
539 1
540 1
541 1
542 1
543 1
544 1
545 1
546 1
548 1
549 1
550 1
551 1
553 1
554 2
fn=__memcpy_chk_avx_unaligned_erms
249 59194
250 59194
251 59194
fn=__mempcpy_avx_unaligned_erms
242 602
243 602
244 602
245 602
fn=memcpy
210 27
211 27
217 60
218 60
220 31
221 31
222 31
224 19
225 19
226 19
228 19
308 29
309 29
311 7
315 7
316 7
317 7
318 2
319 2
323 2
325 7
364 22
365 22
366 22
367 22
368 22
375 12
376 12
377 12
378 12
379 12
380 12
381 12
392 12
393 12
395 12
396 12
397 12
fn=mempcpy
197 33
198 33
199 33
200 33
fl=./string/../sysdeps/x86_64/multiarch/memmove.c
fn=memmove
29 2
fl=./string/../sysdeps/x86_64/multiarch/mempcpy.c
fn=mempcpy
33 1
fl=./string/../sysdeps/x86_64/multiarch/memrchr.c
fn=memrchr
29 3
fl=./string/../sysdeps/x86_64/multiarch/memset-vec-unaligned-erms.S
fn=???
154 4
fn=__memset_avx2_unaligned_erms
158 2316
159 4632
164 2316
165 2316
166 2245
167 2245
168 2245
170 600
171 600
172 1200
181 29
182 29
184 58
237 1645
238 1645
244 929
245 929
257 929
260 929
261 929
273 900
274 900
287 900
288 900
290 900
293 16
296 16
299 16
300 16
301 16
302 16
303 16
304 16
305 32
308 900
309 900
310 900
311 900
314 1800
325 716
326 716
327 716
328 11325372
329 716
330 1432
337 71
346 71
347 71
352 70
353 70
354 70
355 70
356 70
357 70
358 68
359 68
361 68
378 1
379 1
380 1
416 2
417 2
418 2
423 2
fn=__memset_chk_avx2_unaligned_erms
152 1
153 1
154 1
fl=./string/../sysdeps/x86_64/multiarch/memset.c
fn=memset
29 2
fl=./string/../sysdeps/x86_64/multiarch/stpcpy.c
fn=stpcpy
33 3
fl=./string/../sysdeps/x86_64/multiarch/stpncpy.c
fn=stpncpy
31 3
fl=./string/../sysdeps/x86_64/multiarch/strcasecmp.c
fn=strcasecmp
31 6
fl=./string/../sysdeps/x86_64/multiarch/strcasecmp_l.c
fn=strcasecmp_l
31 3
fl=./string/../sysdeps/x86_64/multiarch/strcat.c
fn=strcat
29 3
fl=./string/../sysdeps/x86_64/multiarch/strchr-avx2.S
fn=__strchr_avx2
53 89
55 89
56 89
57 89
58 89
59 89
62 89
63 89
67 89
68 89
69 89
70 89
71 89
72 89
73 89
74 44
77 44
85 44
87 41
89 82
93 3
94 6
101 22
102 22
105 22
106 22
108 22
109 44
114 23
115 23
118 23
119 23
121 23
122 46
157 45
161 45
162 45
163 45
164 45
165 45
166 45
167 45
169 23
170 23
171 23
172 23
173 23
174 23
175 23
fn=__strchrnul_avx2
53 1
55 1
56 1
57 1
58 1
59 1
62 1
63 1
67 1
68 1
69 1
70 1
71 1
72 1
73 1
74 1
87 1
89 2
fl=./string/../sysdeps/x86_64/multiarch/strchr.c
fn=index
42 8
43 4
44 6
47 4
48 4
51 6
54 6
65 6
fl=./string/../sysdeps/x86_64/multiarch/strchrnul.c
fn=strchrnul
31 3
fl=./string/../sysdeps/x86_64/multiarch/strcmp-avx2.S
fn=__strcasecmp_avx2
193 1
194 1
195 2
fn=__strcasecmp_l_avx2
206 127
215 127
217 127
218 127
219 127
249 127
270 127
271 127
272 127
274 127
275 127
276 127
278 127
279 127
283 110
287 1100
289 110
291 110
294 110
303 110
304 110
308 110
318 110
319 110
320 110
321 110
322 110
326 220
953 127
954 127
957 17
958 17
959 17
960 17
962 17
965 17
966 17
970 10
971 10
980 10
984 10
985 18
993 14
994 140
995 14
996 14
997 14
998 14
1000 14
1035 17
1036 17
1047 17
1048 17
1049 17
1050 17
1051 17
1052 17
1053 17
1056 34
1076 7
1077 7
1080 7
1081 7
1082 7
1083 7
1089 7
1091 7
1094 7
1095 7
1100 3
1101 3
1154 3
1155 3
1157 3
1158 3
1159 3
1160 27
1161 3
1162 3
1163 3
1164 3
fn=__strcmp_avx2
206 17
249 17
274 17
275 17
276 17
278 17
279 17
283 17
287 17
289 17
291 17
294 17
303 17
304 17
308 17
318 17
319 17
322 17
326 34
953 17
954 17
957 2
958 2
959 2
960 2
962 2
965 2
966 2
1076 2
1077 2
fn=__strncmp_avx2
206 81
230 81
235 81
249 81
274 81
275 81
276 81
278 81
279 81
283 31
287 31
289 31
291 31
294 31
296 31
297 31
308 30
318 30
319 30
322 30
326 60
331 31
332 31
333 31
337 1
338 2
957 52
958 52
959 52
960 52
962 52
965 52
966 52
970 3
971 3
980 3
984 3
985 3
993 46
994 46
995 46
996 46
997 46
998 46
1000 46
1047 49
1048 49
1051 49
1052 49
1053 49
1056 98
1063 50
1064 50
1065 50
1066 51
1069 1
1070 2
1076 49
1077 49
1080 47
1081 47
1082 47
1083 47
1089 47
1091 47
1094 47
1095 51
1100 4
1101 4
1103 4
1104 4
1105 4
1106 4
1107 4
1108 4
1109 4
fl=./string/../sysdeps/x86_64/multiarch/strcmp.c
fn=strcmp
47 8
48 4
49 6
52 4
53 4
56 6
59 6
79 6
fl=./string/../sysdeps/x86_64/multiarch/strcpy-avx2.S
fn=__stpcpy_avx2
64 37
65 37
72 37
73 37
74 37
75 37
80 37
81 37
82 37
84 37
85 37
89 37
91 37
92 37
94 37
101 37
102 37
104 36
105 36
111 27
112 27
114 18
115 18
116 18
117 36
121 18
122 18
126 9
127 9
128 9
129 9
134 1
135 1
136 1
137 1
144 9
146 9
147 9
148 9
fl=./string/../sysdeps/x86_64/multiarch/strcpy.c
fn=strcpy
29 3
fl=./string/../sysdeps/x86_64/multiarch/strcspn.c
fn=strcspn
29 2
fl=./string/../sysdeps/x86_64/multiarch/strlen-avx2.S
fn=__strlen_avx2
52 167
65 167
66 167
67 167
70 167
72 167
73 167
76 167
77 167
85 167
86 167
87 167
92 334
fn=__strnlen_avx2
52 1
59 1
61 1
63 1
65 1
66 1
67 1
70 1
72 1
73 1
76 1
77 1
80 1
81 1
107 1
108 1
113 2
fl=./string/../sysdeps/x86_64/multiarch/strlen.c
fn=strlen
29 6
fl=./string/../sysdeps/x86_64/multiarch/strncase.c
fn=strncasecmp
31 3
fl=./string/../sysdeps/x86_64/multiarch/strncase_l.c
fn=strncasecmp_l
31 3
fl=./string/../sysdeps/x86_64/multiarch/strncmp.c
fn=strncmp
43 8
44 4
45 6
48 4
49 4
52 6
55 10
67 6
fl=./string/../sysdeps/x86_64/multiarch/strncpy.c
fn=strncpy
29 3
fl=./string/../sysdeps/x86_64/multiarch/strnlen.c
fn=strnlen
31 6
fl=./string/../sysdeps/x86_64/multiarch/strpbrk.c
fn=strpbrk
29 2
fl=./string/../sysdeps/x86_64/multiarch/strrchr-avx2.S
fn=__strrchr_avx2
53 5
54 5
55 5
57 5
58 5
62 5
63 5
64 5
67 5
69 5
70 5
71 5
72 5
75 5
76 5
78 5
79 5
80 5
81 4
82 4
91 10
fl=./string/../sysdeps/x86_64/multiarch/strrchr.c
fn=rindex
28 6
fl=./string/../sysdeps/x86_64/multiarch/strspn.c
fn=strspn
29 2
fl=./string/./string/memmem.c
fn=memmem
55 13
59 4
61 2
65 2
68 3
70 2
75 1
79 2
84 1
85 1
88 13
89 14
92 9
93 1
95 5
100 2
101 12
103 8
107 1
108 2
119 1
126 11
fl=./string/./string/strdup.c
fn=strdup
40 42
41 14
42 4
44 14
47 20
48 23
fl=./string/./string/strndup.c
fn=strndup
41 8
42 2
43 3
45 2
48 1
50 6
fl=./time/../sysdeps/unix/sysv/linux/clock_gettime.c
fn=clock_gettime@@GLIBC_2.17
30 241
38 482
40 482
44 482
68 482
69 482
fl=./time/../sysdeps/unix/sysv/linux/dl-vdso.h
fn=gettimeofday
40 2
41 2
fn=time
40 2
41 2
fl=./time/../sysdeps/unix/sysv/linux/gettimeofday.c
fn=gettimeofday
42 3
fl=./time/../sysdeps/unix/sysv/linux/time.c
fn=time
38 3
fl=./wcsmbs/../sysdeps/x86_64/multiarch/ifunc-avx2.h
fn=wcschr
38 8
40 6
41 4
42 6
45 4
46 4
49 6
52 12
fn=wcscmp
38 4
40 3
41 2
42 3
45 2
46 2
49 3
52 6
fl=./wcsmbs/../sysdeps/x86_64/multiarch/ifunc-evex.h
fn=wmemchr
37 8
38 6
39 6
42 4
43 4
45 4
51 6
54 8
fl=./wcsmbs/../sysdeps/x86_64/multiarch/ifunc-memcmp.h
fn=wmemcmp
34 5
35 2
36 2
37 3
40 2
41 2
44 3
47 4
fl=./wcsmbs/../sysdeps/x86_64/multiarch/ifunc-wcs.h
fn=wcpncpy
39 4
40 3
41 3
44 2
45 3
48 4
fn=wcscat
39 4
40 3
41 3
44 2
45 3
48 4
fn=wcsncpy
39 4
40 3
41 3
44 2
45 3
48 4
fl=./wcsmbs/../sysdeps/x86_64/multiarch/ifunc-wcslen.h
fn=wcslen
40 4
41 2
42 3
45 2
46 2
49 3
52 3
fn=wcsnlen
40 4
41 2
42 3
45 2
46 2
49 3
52 3
fl=./wcsmbs/../sysdeps/x86_64/multiarch/ifunc-wmemset.h
fn=wmemset
36 10
37 6
fl=./wcsmbs/../sysdeps/x86_64/multiarch/wcpcpy.c
fn=wcpncpy
31 1
fl=./wcsmbs/../sysdeps/x86_64/multiarch/wcpncpy.c
fn=wcpncpy
31 1
fl=./wcsmbs/../sysdeps/x86_64/multiarch/wcscat.c
fn=wcscat
31 2
fn=wcschr
31 2
fl=./wcsmbs/../sysdeps/x86_64/multiarch/wcschr.c
fn=wcschr
31 4
fl=./wcsmbs/../sysdeps/x86_64/multiarch/wcscmp.c
fn=wcscmp
30 3
fl=./wcsmbs/../sysdeps/x86_64/multiarch/wcscpy.c
fn=wcscpy
42 4
43 2
44 3
46 2
47 3
50 3
60 2
fl=./wcsmbs/../sysdeps/x86_64/multiarch/wcslen.c
fn=wcslen
29 3
fl=./wcsmbs/../sysdeps/x86_64/multiarch/wcsncpy.c
fn=wcsncpy
31 2
fl=./wcsmbs/../sysdeps/x86_64/multiarch/wcsnlen.c
fn=wcsnlen
30 3
fl=./wcsmbs/../sysdeps/x86_64/multiarch/wmemchr.c
fn=wmemchr
31 4
fl=./wcsmbs/../sysdeps/x86_64/multiarch/wmemcmp.c
fn=wmemcmp
29 4
fl=./wcsmbs/../sysdeps/x86_64/multiarch/wmemset.c
fn=wmemset
31 4
fl=???
fn=(below main)
0 12
fn=???
0 448729
fn=BlocQuant.isra.0
0 154803792
fn=InitElements.isra.0
0 410
fn=MDCT.constprop.1
0 7447984
fn=PsyInit
0 128
fn=PutBit.isra.0
0 1041348
fn=WriteICS
0 2569218
fn=WriteICSInfo
0 8141
fn=cli_progress_callback
0 2400
fn=cli_session_start_callback
0 13
fn=cli_summary_callback
0 17
fn=faacEncClose.part.0
0 153
fn=faacEncEncode
0 14447683
fn=faac_encoder_close
0 13
fn=faac_encoder_encode
0 7680
fn=faac_encoder_get_info
0 76
fn=faac_encoder_open
0 103837
fn=faac_get_library_info
0 120
fn=faac_params_init
0 56
fn=fft
0 9335256
fn=filter_spec
0 230828
fn=find_extension
0 24
fn=gain_with_overflow_clamp
0 225582
fn=get_wall_time_sec
0 4820
fn=huffcode_write
0 1226174
fn=main
0 27564
fn=parse_quality_or_bitrate
0 23
fn=quantize_sse2
0 3084169
fn=rd_band_costs
0 1233937
fn=rd_scalefactors
0 85377323
fn=rd_select_books_group
0 164730514
fn=seekchunk
0 62
fn=size_books
0 7462055
fn=tns_fit_range
0 134733
fn=wav_open_read
0 165
fn=wav_read_float32
0 797860
summary: 474344354
